676 3 125611
171864072 317159276
171035632 602511920
963050649 69979072
919854380 33661026
589806848 86105858
475191198 894416410
550050020 780437020
583787226 893281828
550277486 650366414
990569005 968873679
612872373 163967331
764676459 72834381
841258873 802348052
82417965 25141345
392359726 34723084
9583307 564223798
351882361 180618939
19252071 314933009
103114365 939106452
348594036 692921213
877728664 823785234
587337622 280295037
456738607 23641201
173576864 7016092
674007615 16662222
975889772 286879987
180629553 593082584
212230722 21888426
247946989 147165041
47029771 640306715
181888126 909129433
57046867 533770487
89748371 76298938
701219850 45379090
867921744 49813885
738300303 598166761
726115473 178154278
878461798 35370433
201795479 52038661
42386526 875803094
68700884 870792652
15199434 101846791
316391589 227430157
123735217 564338578
227111552 23281342
57161646 408999678
932410775 114208513
795286519 874675500
43023806 496506369
920054590 910945550
398836608 510871246
509112311 977468436
689025524 240090462
12838868 890821003
144645478 55225394
766624096 65862716
778534400 781823531
167709507 94925988
861770042 291444725
659264566 88881593
167242421 716426213
350397626 99653196
683151080 145684144
826845050 726174886
494706867 599415994
637120436 893543476
110287239 998749101
723528265 651829118
238839562 736367133
542650120 383485040
644108882 161790570
449347756 275159635
796130455 617057264
370085624 657900496
761018343 881866544
599298443 928260764
450809110 949696069
880430314 133960190
95380213 559791718
860135076 442603434
11724065 349771865
188663263 122011304
201037319 912191528
626356776 439876882
501075015 21523250
675878276 145183896
183313820 125226032
272859885 979444275
594799650 642945509
489861124 208334346
377328407 89159566
136595109 828137517
891371990 17025423
962097707 839268557
429333495 674749137
281871990 441057560
877037356 470535254
415585218 78074675
235243135 41941994
370467911 736318150
63465244 46346186
734018400 99295418
24088572 6878285
78739692 471404576
502340148 421117170
679738922 879668555
362793090 816334032
707806072 106681433
685875809 522420132
945949990 115209303
49685622 80338334
408783217 926722979
550873588 824368435
857314008 786116723
866310429 227781918
374951227 782292027
126644458 108969626
881587445 150733031
115847911 812843491
622137607 470704414
86477014 154392883
350372968 449270105
970726915 910695394
555951538 509119077
285631880 354417882
476844734 335317502
434756216 885627951
114556834 985629804
562512739 971870842
624262880 281339522
52169113 999214107
63631548 178813572
960700088 945218994
182062957 929064353
610578838 804200564
399768766 697055853
958593447 602658089
146325957 781836715
513353482 554793849
143472145 798985362
909211731 472833233
986819219 196484300
210977537 101376052
34630457 773490277
925763249 658893338
54829798 830448716
510623798 118461346
9262287 323840239
916196694 43841598
252904592 379291886
848042163 505189712
76347738 659151963
107847800 75190049
293505032 473717637
482500252 289493531
125219352 244228337
762326765 112038570
440712637 973304302
65930977 475343095
746794578 844210580
134236432 654140730
674659295 497376584
625118431 536437937
821216824 393831478
580279535 926637770
773123364 280838051
431827481 849471102
792506369 392191636
777177505 86011400
865909273 259677757
228021285 991128625
503906094 990348050
103167195 944618731
963652352 21614526
272478179 562963283
865825106 259230965
69620367 393000754
756607550 694738798
781955045 430340727
88570275 214750934
209494850 861693640
495588985 641322331
563681095 140611707
33513966 193374954
79139461 751939593
453052711 307160747
743068218 809475159
297508796 698751767
606610243 113677501
572882647 879088423
529157139 291224106
138319387 598777506
684224860 747443291
293516303 318696259
30300371 234602932
533447193 239795221
96296571 29036177
881117553 512494021
22164239 767147873
705868975 101303700
371603820 11438039
408464447 114672037
820913198 705973244
665940158 280039794
672167099 91339158
159128216 201324237
382563264 149963958
800101743 66788123
897407249 946134400
238000736 927707621
180737332 771447929
167502841 129550257
653000461 901136748
494560632 675164700
520800975 52945960
776468400 892404795
64383999 184932847
859593186 737813551
743422445 378049697
17853345 415589543
469388855 29497915
469430135 851952119
179461873 122048231
771256596 76869122
68182631 9257332
4576742 101436317
780705261 24595937
230986574 286222075
925732686 725547207
961386775 299050014
778493167 737855175
191454808 695393521
775304376 51047993
433207071 518726820
281614044 303576770
786832717 751002899
333074686 256262851
602955017 512536559
378311083 226727966
589405681 299010068
235985298 446498777
400446385 869206914
323611069 631432959
155428988 101860108
209496519 116815763
400910122 840506041
707187292 592364930
535899561 335008021
495929277 821622986
853734841 777543321
125199756 493083911
381062573 458274442
749346763 984017590
970811001 980174200
63261909 412733036
279184267 299247208
711748167 679630652
20970475 35359235
163579964 176399463
137219343 225592838
145731580 538129465
66098878 705435226
983010749 454514793
40443246 331456379
276137778 746694441
108999699 253853888
239778352 342578626
712128330 841641469
179112569 535455685
821815668 242374479
800705075 953516289
541621687 512453241
485663294 562592162
400328831 649243258
591507979 537548174
874836096 737239560
928193994 793451328
295191139 911204742
247966120 335634386
95177475 376620253
82328826 56693528
630474141 174623532
399272155 195118825
16265000 578384724
730574510 690597022
820759203 383795938
496629664 214897243
896249179 982292958
777489405 149094363
484052570 221513738
686642538 211405019
958753298 467352885
4856347 106460790
231073980 105338821
442095176 326251455
481959074 376940357
382944984 112433215
404080243 782217139
307552040 272861598
360601862 890642904
963458620 33877419
274438841 312604638
248774662 23204373
294897595 26264067
172298737 778950165
100294159 711457629
990355185 59047456
178810513 847727886
18024600 409884493
953066707 460119777
736135949 435025781
689576488 119080932
399975350 93656730
753814425 707527390
366518328 114416286
450686647 182493302
810059 725125488
495097940 249584722
600846215 642511889
128365143 773144952
273978408 228659302
337118934 116849946
140223112 515929447
964577832 158247712
778330295 917644538
618367489 366982597
205186672 160460330
338579883 605162022
254117061 92394307
165205765 473151743
59326947 615892412
655645045 60137007
193534253 3259338
309721729 794380469
645771228 438086872
420041774 919749636
666746174 757160709
36599581 806969286
125606509 853693767
965216998 903936804
623854658 436100841
123435754 829041331
596561171 462015637
286719706 703194586
554409944 304441826
176346329 466253246
920334238 684507728
526390253 966384846
687767067 688628336
613281668 186054648
126715207 33323441
958320638 645977735
643000504 847436573
305463374 621123368
701130339 123196725
377576525 177501350
411813920 501012280
6542680 8375091
963027917 145778741
564086031 369954215
450220567 740432360
836207461 223071158
277456442 215114067
41972357 965223509
903742403 655254025
3794510 882973964
541093821 962115148
381468052 36610678
662068074 686931426
657734046 215714766
662644505 35310571
393216116 74458425
536322851 252275151
935349871 351867121
398053892 499435901
721821336 700790813
92384615 558028796
923861971 369841057
773142863 965834329
187580919 529401619
473604707 43891783
412375582 14698527
6006930 793843634
51309206 520591358
333291413 709043252
736306124 995935919
596870177 129522239
922910698 133193027
381797390 858260568
337576503 632367636
210212822 59397838
333158448 155113791
469942989 109536773
524954848 95602205
927887456 565052121
625003825 401492162
608943904 37379406
268707044 467467188
683739395 320016250
988058546 869547162
881575856 724364669
717999434 478446033
706403263 640910131
464155414 88200652
351687052 801731917
573084643 414416229
713646110 906243091
569530020 183589098
868296218 94484868
279191303 796183673
512053343 904195128
50192189 120997247
794090889 318899233
588464435 330346637
491431837 429039335
52410152 373007692
5920357 770409587
703970079 712323620
263836071 20641847
653040627 615523124
822373764 226125269
29939352 388536227
984884714 451985726
572125325 853180932
398986948 703832983
501880958 911040292
460544464 404589501
32037538 107151706
723488734 473018327
437498343 67436924
902057662 489908496
440444617 907978020
112834436 144414695
472817993 376670507
17572896 125858619
992193631 839946661
204500242 874649337
80999241 189384956
179151417 653124567
895082242 578138365
209473903 249479553
489178656 670018367
654069055 373732548
777170074 230074142
699267230 67184770
297511067 453841245
557093266 737955684
214335618 669927702
734886733 687153612
46598209 752459630
813012231 891308194
444922644 17512473
618473885 525921885
59413783 797625302
31562805 954496025
228280020 241036708
56491931 717458677
911055076 710560986
943707579 540741503
940635129 642974808
607926273 238146195
96816053 17535893
828618233 163668025
687463595 416021319
850821637 586578158
20997302 516350222
330402706 465919946
386379049 801392945
844358186 445792832
451534600 875920991
252805210 679814620
969474054 309297141
249789650 733045483
19858127 193497229
273786985 813009610
688988391 881713258
51155804 638320798
899249151 732290391
801988824 439229100
148311709 652810460
878323612 169309012
21677035 61242671
487745312 408056084
862635616 332103497
853848916 314170215
60540842 959170480
993984836 30014895
120983975 96290839
615576732 140842102
289788068 889363717
806368066 978776460
623593328 710040224
469613611 375358833
442330614 271602434
667104287 443158677
776929249 545427898
612467689 798606284
606670570 100213001
206662368 321822539
284832852 913027638
635992755 197890048
872198118 482493944
80421297 993182093
578784783 695998029
986540549 721089206
437878099 645424968
552382019 61471427
355465191 21995629
289346614 650312159
146114418 956450901
93470835 923043667
354395152 558454879
721649950 813582076
511184234 780828672
135404615 796017086
693856310 623913724
993907135 418570781
106407667 74328431
264269227 537708804
622842815 103326129
111314363 60720913
748751097 663696382
974708695 956732642
685692012 116571662
607044800 831806430
73022562 553031989
607366450 279934069
111486867 181532753
93516144 622671101
962361426 81437113
271204541 508734089
705350837 117628029
927304870 664274858
44472814 44090450
54500016 667315629
147416579 165814379
580552897 748684030
829510762 555261591
557933025 367719127
671833254 17494178
52041910 597372170
570526167 659408360
729822593 682013035
840941113 675855092
157200489 655818892
757292205 280921384
164552980 315159396
398549413 944374204
831950608 295538582
988464654 886450624
962854211 988397587
904781358 395923461
589597970 586808473
951185053 47348
954527600 475534660
17541526 859085864
925423184 588067694
371010577 655245777
122597082 64468043
183617222 279797571
720286936 940909427
560718956 884839916
108585176 811784723
681730474 940535785
107323304 522711481
679502762 922693870
363625422 436800473
318617330 953223392
23608945 122318736
953270741 830652899
450369750 970812267
689738762 375792934
411396314 60749338
883555065 533993396
125217382 67172286
813790968 698020672
860598067 227026277
435376941 969183244
38810999 117107414
762235382 998650659
639818896 294254497
921344528 3444317
731054971 92478211
809184063 607180270
67313302 614971157
437833169 517683052
438299778 980088285
893475986 849696092
893353978 629547404
236205842 871087714
696719690 49996809
569108385 409834111
129539440 4485325
231533708 20866793
974109095 993769090
19517451 466444344
140539940 793378333
322405015 724111265
738372899 131589077
331291535 805686201
599076589 621641058
323369252 889892721
601729342 69361592
592105166 347599673
698908996 828311008
218687386 248145040
730824171 640312125
657979151 860363611
497313805 889512859
733746759 471422899
735798302 605780564
937867243 728854596
251675251 112788611
452965861 990048150
96894042 636773750
795734350 695970631
258414807 971619956
438379705 712660503
40981547 30484871
60260176 592406898
858795879 131463916
693068292 442136404
771776042 203563796
155016368 269089846
93076654 888763127
593029099 681391310
494543691 383412695
262762259 746218942
496201306 715728120
588783445 593095348
205018223 237034148
141582333 463433030
208654103 579962038
28609887 102152005
610446909 88870063
547075257 321759142
220333979 240143548
763895546 992110021
443707344 918911914
113716220 389300352
660191395 706745319
923208016 7251439
90158013 185970274
753470381 438875673
754214749 194770179
31971021 959232972
431804327 173553354
275182356 640458430
753515392 303792243
595126789 216478655
392662306 142202045
390754151 465512639
234861947 7166050
310139014 678569291
926077964 423855234
920385997 438785712
983116908 843594012
446037151 925791275
882080641 52023885
364666948 636295389
246794064 249154323
448044714 678598391
422707677 723227070
171573175 28739422
27019312 766699964
97734431 272197972
908902010 488488582
737710612 143763956
495654632 47849625
674849602 274248950
324221213 447751952
713034662 307338120
143862318 159071813
85645749 25942958
211095698 450312697
514754701 457889763
699467020
962799415
136488153
