2542 3986
1125 3388
1391 3846
1435 1076
2345 1033
962 268
1972 1392
2815 2015
3281 2721
3602 1219
1330 483
2651 3403
1112 2754
3325 3137
2200 3530
3636 2061
2151 2528
1463 3542
155 665
2385 2500
3452 3347
535 3191
2506 3349
1220 1801
2084 835
787 1181
3071 1206
597 196
3959 1689
1100 3927
1232 749
2001 1151
1044 3463
2460 1199
1896 858
3698 1361
1972 2000
565 492
3116 1784
60 2967
387 2600
161 1225
3805 757
1421 3778
214 288
3718 3199
1037 3486
363 2080
731 590
1046 2626
3202 757
3986 1187
524 564
3432 3640
116 3491
2620 502
2105 549
1726 3677
3059 914
3468 3272
1202 967
2485 6
467 615
3839 1197
1205 899
1590 420
3409 1589
3360 3933
3906 2806
1354 1789
78 3973
2290 3936
2289 1784
3627 1362
465 3108
647 3420
1843 3131
1193 2309
3746 1046
1273 2718
3698 2862
3137 3120
2218 278
834 3891
3083 3941
1694 3161
1696 1751
878 3984
1302 518
1359 1767
1394 2006
2954 1004
1150 161
3312 2663
2960 2352
1394 2671
2981 2298
3558 2966
2576 2160
2870 1672
2114 577
2600 3809
96 3478
1575 1397
1763 2933
3163 924
952 3885
1927 3856
59 3006
2532 3018
1371 3926
3456 2119
2237 795
1098 2580
2954 1736
266 2836
80 633
426 175
1878 2000
1572 1409
947 2502
2332 3652
2400 273
3521 2458
3278 2067
3243 2417
3760 480
2303 3764
1275 1169
2358 1996
2904 391
2599 2983
2777 3025
3158 669
2792 743
2077 1506
3244 2176
1172 1658
2448 2460
1883 3494
540 2894
3678 2067
3373 3748
3599 2415
930 1970
425 3833
128 791
598 2904
3815 3755
3572 389
2265 3416
1894 3276
1606 3065
2701 1821
1539 598
3082 3832
1259 2773
3667 645
303 3279
828 1232
3016 3006
2833 3143
3796 3430
3814 1393
3198 3400
1781 3230
597 1442
2519 2202
2275 1234
37 3813
3585 886
1426 857
3659 2860
3255 3961
3906 96
2960 2935
3101 1806
3845 679
1249 3673
2071 2214
854 1619
3211 1450
3060 1744
1420 1348
745 3210
2928 343
109 2122
2953 1535
995 2221
3263 915
85 2237
1617 953
1810 3230
1631 3059
2916 1469
3040 3769
855 2265
2986 3915
1776 419
3030 2520
3628 1972
630 3737
1861 1350
3039 623
3570 2316
3291 1422
566 922
143 2375
165 3527
3201 848
1010 23
2384 3618
55 1383
3546 1830
3556 358
2117 3197
97 514
715 1957
1863 3754
2579 3200
3837 1884
636 416
573 778
558 2491
318 1527
3338 3081
1549 1735
2713 1603
885 40
3432 454
397 3316
1419 493
3829 3887
217 1705
3654 564
918 1272
2447 3307
1687 3019
98 13
1523 2170
1539 2628
1264 3087
376 3976
2457 3014
1784 1902
3468 2180
2985 2654
441 2827
2554 2411
2299 3976
2974 3216
1261 1434
2537 2948
2220 402
728 1510
2571 2266
151 3835
3120 2280
1592 1590
3062 3375
1259 2543
3323 257
1210 1531
851 1531
1709 3149
1520 697
2378 2781
3884 2682
3496 3872
3084 237
3149 3422
270 1068
3270 3389
3347 2630
2746 2422
3772 18
2732 876
2028 1709
174 2878
3240 1883
2040 2527
347 2185
1321 244
2635 2584
1883 3486
588 1046
2921 857
2113 3959
2013 3227
2602 772
3417 155
789 3916
2785 2816
1639 2958
3461 2646
2608 1514
1186 2954
1467 275
966 115
2858 2848
3600 3446
1661 2534
316 3773
2506 97
782 2875
868 212
798 3411
141 3582
2240 3533
2553 3469
2192 1175
996 1146
142 230
1420 2861
344 2045
1723 3943
1504 3383
259 3574
938 532
3670 1719
3407 2305
1930 218
1729 3824
1567 1737
3371 133
1219 3330
3061 2214
489 971
2444 3662
3831 555
1721 3321
2266 3224
486 2524
579 1423
3055 262
909 243
2567 606
2214 309
443 3780
3799 1581
1681 1031
925 755
1013 3167
1725 1224
2843 3324
1778 577
2658 57
1568 3143
348 2147
2333 1171
2408 1009
1413 2742
1614 1395
819 3811
1188 631
1405 2868
1662 97
1391 2674
3264 3115
1665 3874
2452 3442
464 2878
1267 2031
3788 1614
191 2135
552 367
911 1965
3108 2525
1127 1694
117 82
2325 3275
718 1754
3372 2108
441 417
2990 2105
304 3210
3314 2521
2101 594
565 1902
3962 2510
1804 527
2876 2715
259 3751
3007 3139
1459 3123
3221 3783
2411 3938
1550 3550
2059 3744
3966 2816
3616 2037
2039 711
571 1907
3059 2890
3809 3034
1413 3380
1328 302
3862 3341
1820 2882
2493 3278
2018 3481
842 2197
3432 159
1760 3258
1670 3494
2088 1299
3298 1894
2010 3869
3801 1082
2772 1391
1883 1952
2538 978
21 2414
2086 1840
1309 2347
1132 1095
1841 3727
1059 3041
3886 2818
2312 1569
93 2167
636 3391
75 413
1041 1643
3248 1580
801 2898
3531 3338
3875 1319
1765 3729
3158 842
2089 2057
1936 3929
1798 762
2983 3451
3579 3063
2787 1440
2997 1190
2598 3071
1602 3638
2481 2617
2985 3281
1528 297
401 3171
1615 2165
2913 786
774 1015
611 477
2711 176
1238 3462
3626 2585
306 194
38 3302
1384 2635
155 753
54 2635
3370 806
3684 911
1102 98
95 2716
30 775
1269 804
1789 3633
3034 2268
3808 286
1743 3447
2870 2048
1409 675
3117 2792
1077 3271
1312 2884
3674 695
3689 3371
3360 804
1236 1222
1287 1265
1997 323
3822 3785
3956 638
3820 3777
923 1576
1006 1560
1391 2414
2 522
2973 1078
1560 298
3961 1247
993 1431
631 2120
2 3620
3341 1288
2653 1351
3364 2488
2904 3333
893 2737
3124 1815
2081 1897
1142 1239
324 1143
3514 1064
3974 1088
1361 1716
2334 121
3146 733
8 3147
366 3349
2202 3018
2467 1580
3274 1384
2680 180
1889 3571
3749 1737
1481 2658
2975 3558
3801 2503
635 1556
1358 3750
3272 3691
3870 199
2191 3878
1114 325
1008 3315
3342 3474
2662 397
2626 1356
2331 2282
940 3847
32 2421
2518 774
3746 2332
1044 395
1656 2401
158 941
3860 1795
2893 3818
3440 20
156 2215
1103 1266
1703 1532
3416 2096
2887 1760
391 1595
1620 2176
1783 152
717 1542
251 1761
3690 1906
1929 1615
614 3556
1178 3507
3388 631
1294 1311
614 164
2576 2316
1696 3760
2179 2350
1533 337
3944 921
2512 1740
2826 3228
1050 844
2756 2507
518 2453
136 1131
2022 1313
2405 3177
3697 3699
502 324
1630 845
407 3325
618 2585
1689 3905
689 3400
2593 3200
1154 3186
210 3957
43 733
2477 560
3185 2612
3445 2975
1692 1863
3919 1403
3329 434
3480 973
3033 3887
311 1418
253 3753
3090 942
3167 3450
1909 2088
2649 3872
2058 2692
2373 2302
1019 3325
2682 477
2313 2141
108 2246
1311 3436
447 805
2176 1247
2459 255
2665 479
21 3522
3174 3187
2986 2851
3042 1648
504 2867
2107 2876
1183 894
3969 1632
1370 2295
3772 1477
2308 1097
2681 523
3655 870
1769 2127
1124 2201
2605 2899
3491 3547
2099 2490
2411 1155
1905 2914
1789 1780
3558 2971
2673 3540
2370 1810
3602 2156
3287 3678
1020 3735
214 688
618 3736
2814 3496
3705 3186
2408 3209
2746 2274
3466 2924
1196 3138
3606 2985
2685 3177
3723 1371
498 2107
3181 113
2030 249
1558 3049
1751 3525
3736 136
3275 331
3631 761
3516 3806
1737 44
2094 2970
735 1057
2121 354
55 820
1298 1546
3944 1795
3652 906
3662 1695
2908 1233
757 672
772 2260
808 1814
2590 2206
342 2119
2026 2078
3916 1887
1061 665
711 949
2772 2520
1768 84
79 3480
3632 1498
399 3307
960 3307
2308 1716
1746 847
1743 2553
2660 346
773 3001
232 566
2846 162
220 3906
2580 930
2622 1365
1217 2158
3202 1295
1651 2848
560 3803
3922 1519
3123 2243
1002 883
3089 2744
1203 3516
3089 3729
298 3321
2062 911
1250 49
2584 1597
2733 1220
2961 3949
3377 3931
3012 1041
2792 3571
2611 2727
1104 1748
2738 2105
398 1840
2617 3354
3124 3473
865 1189
575 2926
2100 1824
2975 697
1188 1721
1916 1917
1683 3060
1861 708
114 2420
2047 2725
1160 3150
2240 3897
3022 405
3505 3406
1526 410
2893 2390
1598 3467
1330 1465
3059 2072
2162 260
3792 1845
3930 3242
919 1804
1718 2786
237 3764
3278 3151
695 3285
3061 3716
1457 347
904 2983
2510 3796
1386 122
1044 483
3340 116
2554 3269
2130 127
1128 2073
3369 3800
1645 1100
367 1881
877 3645
1045 3325
711 1874
3054 2168
3974 1725
1164 2498
1534 317
387 2578
2554 3726
461 1121
3009 2590
1248 1904
2431 2384
1717 89
1251 2083
3723 3881
3495 782
3219 220
423 54
2387 410
1779 1318
2907 3312
3388 3293
3657 1955
801 132
844 3809
489 3845
3480 687
2242 1210
775 3492
1060 512
3386 2323
3047 386
2542 1237
439 2696
1646 2217
1781 2321
3297 1182
3381 2967
905 1949
866 1748
1771 3109
1606 1264
3795 3847
241 2338
1120 3055
617 2273
3145 1431
2658 3454
2667 864
2163 2080
3081 1711
414 159
660 1563
3125 1564
3511 1759
3311 3050
881 930
2081 2443
2544 90
794 1431
912 1410
1471 70
2840 1896
3523 3274
2760 1699
1368 3608
1177 3535
3766 1836
2865 672
3400 2390
198 492
3207 1078
3176 3055
1289 3487
3144 3836
2686 69
3014 170
138 1867
2066 3660
2909 2593
3126 290
2214 316
1592 3747
3906 471
432 1087
628 630
1578 3834
3461 2521
670 763
2022 3814
613 2475
3882 3626
2644 1788
3260 2477
1461 3936
1083 2355
239 1064
438 1831
824 357
69 1256
3197 696
3639 2543
2297 3113
1077 2966
1644 866
561 24
3340 2211
1417 3752
12 690
2242 3226
640 1093
1594 2632
2156 3786
2230 2980
156 66
2003 1121
761 1655
3663 825
2535 2507
1559 1946
3373 2119
1969 494
343 3385
2013 354
1843 269
1348 250
3115 2941
649 3038
2740 2879
2031 664
2944 1801
1784 1473
1223 3214
65 1526
1734 1623
3471 2874
3742 1454
3368 1852
2606 1394
2206 462
3416 1321
2465 2544
275 3114
1596 783
3760 1394
3200 485
963 2751
1957 3939
3732 3776
1478 1479
1412 2717
367 2921
184 1502
787 557
2895 760
2773 93
2080 1251
404 122
378 3753
2658 151
2915 1871
2390 3877
2389 360
1597 2134
149 3075
1381 3315
1805 1747
2249 3742
3248 3035
2066 3910
3794 852
1770 3641
2103 2174
3763 248
3694 2434
2153 2622
2073 556
280 2229
915 3631
377 2818
2719 1757
2146 2291
1271 2162
3800 2286
1211 1879
3963 2772
2731 1747
2427 2601
1688 3957
2848 1395
2404 1014
1785 2244
1569 3818
487 252
3462 863
837 3948
387 750
20 3411
2911 3819
1710 1889
3466 1686
2429 3964
1200 2623
2578 2887
2593 1439
2050 2764
221 1602
1022 3543
3187 1508
3794 431
138 644
392 2278
3147 2166
1702 2072
3752 1179
1728 3231
2864 170
3208 1832
2792 3553
732 3152
2760 549
1930 748
3904 719
304 3105
2226 112
3535 131
2509 1694
176 1670
3859 1877
1509 3625
823 3236
637 1454
3406 1613
3285 3965
1179 1785
3131 1706
2333 2828
2453 2251
3546 2757
3123 3539
636 439
1437 3144
2132 1612
2581 2005
1256 103
3397 2078
1107 47
3531 526
1659 2830
2258 606
628 3156
2311 728
1997 2532
746 1556
1302 3868
2862 1937
320 312
2848 220
3677 3197
3978 946
3299 3388
3023 419
1202 336
2698 629
933 2724
2988 1560
1893 3066
55 3890
1611 801
3213 680
2436 2089
2616 524
168 3232
743 3845
2442 734
804 3508
1889 1595
1695 858
3684 2160
1486 630
897 487
2189 2790
1321 11
2693 2931
811 3673
3611 3247
3529 8
1538 3697
3239 2280
1323 3448
781 3880
738 437
1488 2432
1294 2939
605 548
3568 3256
2788 3524
2059 122
3535 2519
3053 359
2205 445
1373 1748
452 2910
3212 1459
2957 548
2674 1505
441 3411
1941 3683
1856 1003
2635 229
3304 3971
3484 2105
3508 3310
2227 824
1842 3047
1183 1814
1259 323
1329 1710
1001 554
936 3957
2855 3610
3230 1064
3034 2938
760 2658
3940 1162
654 3257
2900 151
3130 2422
1228 1370
3245 3069
2184 2195
2650 3442
286 3979
2919 1286
2300 3855
3010 1169
1246 2253
2232 293
1205 759
718 2912
3674 1371
2183 2588
3275 3080
2777 516
463 2035
3584 414
1998 2248
1623 2283
8 555
1336 2307
2177 359
3475 3422
380 3474
1483 3338
246 2200
2263 3920
3571 2213
2521 2859
1306 1311
1143 3522
1113 740
3935 878
755 1571
928 2516
3880 2263
837 2070
390 2079
1506 2523
1567 2988
1874 1812
1201 150
1745 2539
2363 2033
3166 3668
1111 322
972 2224
2815 920
869 1338
259 1797
3853 152
1827 703
3975 2216
550 1494
752 2116
2249 393
3927 1218
543 3440
1524 673
3240 703
2108 365
2778 3079
356 1607
1767 1224
712 2025
788 578
3930 2615
3035 1686
2598 3584
3180 1118
1713 3196
1510 3407
427 2052
628 1951
492 3868
421 2600
246 3199
1692 2355
2573 3458
3578 3284
3250 2134
3861 961
762 677
2647 3359
274 3594
2244 1986
2803 3754
3161 3230
3573 3788
2948 79
3669 3368
2678 1682
348 2137
1804 2920
1609 3150
2217 2626
1297 3846
3587 2058
536 2247
3184 810
1854 1442
563 2424
2963 3723
3421 317
1293 2382
2149 2729
3518 2594
425 3865
745 2228
2799 2353
1391 2783
2746 2687
2642 2346
2512 3178
2360 3464
1755 1981
2673 2317
419 3403
3808 3839
3719 1114
3 1882
3842 3520
489 2034
3398 1233
2030 3964
1353 1188
2761 113
1643 1416
226 168
2361 2586
1399 129
580 85
2446 998
3487 35
2605 3220
1148 2607
2869 2757
3894 1125
805 3305
126 602
1051 3232
1789 3811
3344 3431
2994 1338
3599 1369
3923 1011
1497 516
2850 1710
3268 2350
1744 1886
3337 659
2260 3973
3416 2167
1112 1988
3239 1237
2589 303
482 391
1881 1594
3822 889
2931 1202
25 635
3966 1521
2904 2829
999 2185
2947 2742
1838 2297
1169 1865
2284 598
45 1163
353 1052
2399 709
3108 648
1099 2757
2241 2688
1413 2939
1657 1437
3573 1637
725 2491
2233 1723
689 2947
2233 295
1258 3401
2159 1309
1766 3958
2471 3872
2777 2637
594 1898
3284 3446
668 3293
3902 2080
2245 1572
1284 1832
976 3763
2090 977
3253 546
3923 1499
840 2948
2667 767
2024 2200
738 2262
2085 3514
912 446
3179 1964
1660 1615
1270 1575
1462 1282
914 2746
881 1890
290 2970
634 3542
3516 570
1055 2123
3518 1489
2889 1555
3689 1394
3817 3541
2675 2496
1755 3622
473 3414
1250 3496
1002 2711
2546 1915
3224 3426
1572 3513
178 2205
3069 1461
543 1891
3583 74
3379 254
3382 849
3401 980
2158 2090
3476 3912
1725 1716
1107 742
2980 2108
3452 1539
1790 458
2732 1130
3970 2909
1102 820
383 1644
2710 1734
3471 3857
3741 2867
2473 3155
3846 2398
3012 3335
91 2504
2819 1197
3245 1812
1072 479
3350 630
936 2095
1759 2673
2772 2860
3493 3154
2272 3970
2655 1756
1608 2409
636 1849
3332 2250
260 2357
3352 351
2629 2184
1547 1887
9 2619
133 1126
1016 2822
3221 2774
1509 2006
3401 2769
2927 1686
520 3350
1210 2128
1772 1845
1744 2871
1862 2003
1242 1228
2353 3870
3411 1668
3524 1188
2054 3657
2313 3069
2492 3301
3610 1768
3074 792
2304 3769
2478 2824
3132 1455
2719 2671
3299 476
1556 2929
246 565
170 2599
2202 1348
2034 1739
2535 101
3163 862
937 3423
1930 560
1204 1018
1351 1276
800 1596
113 1699
3050 599
383 131
1074 3692
3059 1319
270 3228
1685 2471
2343 3718
1978 892
1586 2908
3507 2522
2344 1450
849 1316
235 3954
2591 1034
1563 471
500 2381
1069 883
2511 3896
588 3337
2982 2612
346 2435
2850 2688
3920 841
3579 1520
1517 3099
1809 1628
2317 2658
2943 2551
2625 3301
1353 1955
1539 1852
349 2607
502 2859
284 1090
3963 1034
1469 322
3468 332
3010 3401
2927 2602
2688 457
3469 511
2084 3553
936 2795
2117 1328
3863 1237
3282 1416
3089 1399
1790 3590
2025 3828
2447 2002
875 1683
2323 356
2015 1346
1524 2709
1716 226
3165 2952
2490 3016
2518 3425
3578 2402
2520 3455
1407 1815
884 2263
3213 441
1866 3006
282 2081
1021 1156
3763 3343
3265 3545
2457 803
2267 1940
1028 3199
905 1285
2229 1190
723 1820
1359 3242
3042 2765
2824 1693
1041 3805
2134 675
2824 183
523 3844
1339 299
968 617
1612 3424
3173 3878
1377 1968
3091 49
3252 3087
1238 1742
2674 365
2751 1730
3129 1589
3422 184
3161 3323
2612 1998
3506 3134
3609 2612
3432 590
996 2811
1782 183
2703 926
3904 1807
975 3170
2661 3966
2679 1348
344 1444
3077 1241
3032 281
1424 3960
1371 1803
1971 890
950 1593
1269 2149
3936 2265
974 3485
215 3676
425 132
3250 3153
1069 1924
900 3748
3271 1244
2959 130
252 3758
410 1675
3731 1780
1245 1715
438 2194
1075 1706
356 2778
1738 3083
2277 1952
540 2701
3838 3789
3621 920
3480 534
2435 533
3531 1407
662 3782
2932 2825
3224 2676
2372 482
2158 577
2675 1000
2283 799
3778 1788
3881 2068
3740 435
2536 1359
1991 2170
2278 3239
2703 2481
3771 2248
1655 446
2043 601
1038 1281
3276 3409
1762 3202
3986 2205
215 50
771 6
1837 2419
2073 3344
621 2376
716 2612
559 762
1864 1030
3242 1648
3277 2664
3847 3087
3264 898
2135 322
2074 1665
3523 2073
3869 1505
3876 653
1511 1727
839 1351
2838 1460
3727 3554
85 2053
2083 3702
3082 1338
3117 140
1769 745
3227 1047
1642 1375
3122 1483
3039 2658
3556 689
1930 3445
3095 3440
2939 3934
2559 3545
1407 67
880 3245
2119 2962
2960 1215
2067 3844
3108 3835
602 2348
895 11
1491 30
1493 543
455 2816
1232 2385
43 2094
3592 2981
2041 3918
2539 3447
3984 3418
2705 2117
161 3432
1099 2227
3289 220
2076 1658
336 738
3422 1826
2522 929
2368 2976
3744 1367
3128 1554
1229 502
2303 3269
433 855
498 431
2041 970
315 3955
416 3167
2196 1472
1154 2039
898 1489
2776 333
1082 1311
3015 1218
2055 541
352 2950
2094 1580
1219 410
863 1652
3019 1360
3836 2827
97 1918
2795 512
2852 1004
3738 19
3042 2403
3262 3586
2735 2111
2664 1764
3328 732
2304 3680
1450 411
1273 2668
2575 3889
333 1607
3016 1936
447 3113
1621 3241
1392 486
2013 2897
2259 2822
1313 3288
2421 62
1412 1099
3579 754
3584 1896
2201 1047
74 1241
3715 2648
1144 1815
2022 1927
1519 2468
1053 3139
3477 213
3625 1503
3109 1897
2092 436
1198 2281
2251 377
1147 3597
2884 2498
3260 2852
3545 3333
107 1041
3749 3004
623 1784
944 2141
2020 3751
1294 1510
3963 932
780 853
596 639
3042 3547
2919 1306
3923 1833
2670 589
345 1943
3440 1657
1290 3546
2697 2806
331 3319
2357 1275
1474 390
2793 2767
3653 537
1466 446
1389 2061
2839 445
1621 1771
3504 3311
3604 2188
3899 1716
144 3353
3372 3187
680 3836
3760 1011
3168 2131
53 2409
288 2845
2943 3941
3381 422
2154 2537
250 1006
749 3624
545 2021
717 1916
1976 629
3631 3873
1749 784
842 197
633 615
1207 1568
513 1259
3977 2555
1871 701
2509 3019
1123 2430
1569 3126
1204 86
2764 1748
2106 3480
1431 95
1876 1075
1735 1393
1858 2576
1589 258
3191 563
1825 1471
3575 1815
39 1459
2516 315
2245 1406
2745 3813
2299 1716
1666 1076
3463 3771
2323 907
1633 1967
3735 3368
3359 3360
1957 961
3617 2915
1523 1455
2154 1111
1038 2192
337 1321
2507 2581
494 3019
175 2792
748 1841
3868 1978
3379 3958
2884 2780
1938 400
3915 3064
3759 3639
38 1157
336 3314
379 2489
2192 3170
694 296
504 968
644 997
3986 819
3789 2501
427 1438
492 1573
3163 1143
2120 2869
1542 2048
1946 3068
3455 3738
1992 3790
833 2371
2292 3025
1554 753
1088 3812
3475 1732
822 3474
2550 2378
1989 744
1583 248
84 760
1391 2204
3628 2932
2019 1587
3768 1487
1338 1773
1290 3925
1911 1349
2963 3465
3856 1818
3290 3344
3549 1879
599 3866
271 355
623 1853
603 707
2612 1993
678 21
2692 2696
3362 241
197 713
3768 3240
2405 1692
2357 1381
1170 2226
967 2227
3337 529
120 3935
409 2144
304 2785
1764 2660
3491 390
2420 1936
2164 2879
646 1539
3120 2596
20 2901
3603 2424
606 1973
1573 3530
1966 2539
1770 3070
3067 3643
3019 3475
3554 1090
42 1332
3749 1300
3475 2182
3236 1652
2828 3881
3191 1961
258 978
875 3860
3401 3235
3601 987
2778 3334
3525 2315
2418 374
3726 1450
1616 3293
307 1657
2392 69
2957 1880
18 2206
3532 2845
3854 504
2574 1879
1481 1216
1752 2649
464 3120
3636 1009
2468 942
1092 899
3069 2585
2348 699
3645 422
123 2051
490 847
3930 2261
820 1243
2873 2441
3500 1460
333 2748
2676 3839
1411 907
2972 2814
1916 1453
3755 775
119 606
3359 234
3058 3017
655 3180
1081 2898
41 2779
1172 860
35 1813
3301 1303
3272 1401
64 3715
1253 1474
636 1993
301 319
3445 1824
1093 3564
197 465
1565 3254
3481 2220
2447 2330
1131 255
1122 2303
2869 2910
129 3937
226 1168
1351 290
2651 372
3517 3286
2364 1586
1372 3576
3409 2464
921 3605
696 2486
640 190
719 3086
2519 1849
1109 1408
1919 1745
332 3801
1695 557
2737 813
846 1401
1184 2131
2454 1315
3716 3825
905 3138
70 1825
524 765
2078 1163
2708 2796
2016 2995
2413 892
416 2099
2636 747
1914 344
3058 2418
2911 1671
3818 1862
3801 53
3177 3530
3877 95
449 1714
3673 2726
2478 1765
3888 2953
2328 3672
1961 754
2331 145
2853 981
891 2534
3078 3948
965 2002
1633 2550
1632 3201
2602 822
2745 260
2670 3193
1973 124
1933 2218
1888 3588
1184 1984
1041 3145
505 3372
3289 3357
2120 1947
3658 1211
3663 2390
981 3063
2707 2612
2277 3076
3433 2789
1103 3870
3750 3075
7 3450
3060 3649
3051 258
1646 1860
1170 2150
2999 2226
3275 1132
1940 714
2342 3370
3104 1090
2446 3578
3701 2491
2668 915
1293 3770
798 1056
627 805
519 1454
467 1338
1711 3866
965 648
2029 3963
641 3071
2862 2581
3785 2971
1964 670
75 2178
261 3775
682 696
2458 3728
2234 3255
2552 628
1827 3070
2081 61
2175 1560
3926 907
3961 3723
883 616
2807 1512
3196 373
497 2927
1042 571
1118 3057
2113 1799
1520 584
3295 1521
3839 1860
2148 3433
2697 1997
3494 2640
3556 3433
3546 1298
937 2197
1913 1512
3708 1122
1884 218
1817 694
788 2934
3750 669
2501 3037
1252 1809
572 1104
3668 487
551 146
2483 1812
2785 3806
3012 2345
1118 3949
555 3030
3228 2030
1920 1125
2248 3736
1818 803
451 3335
1471 2951
2386 2723
773 725
1594 2208
1211 3898
122 3694
3477 2906
1281 2503
1264 2398
233 3572
3196 3460
1616 2883
598 1631
2632 184
2433 3082
1286 1672
3801 1439
2162 2341
2163 3755
2317 3374
1435 2438
849 925
1357 3883
3427 389
63 3659
1728 3258
900 1111
2154 1498
2741 2553
3435 2942
3402 734
2381 984
3927 556
3325 2103
2078 1655
3244 3512
1860 1860
2205 3216
1757 1645
1372 1819
3072 868
2844 3971
1978 2765
3236 2487
1331 452
3196 2500
1186 1590
3484 1126
2145 2822
996 236
2244 2008
1516 117
3867 3720
1100 3391
3132 240
1223 3971
1107 1834
3956 852
612 973
3338 3696
1425 315
2210 378
1904 3461
3257 1816
64 266
3806 75
41 1335
191 3908
2822 3044
3312 1967
3283 2303
1952 403
1904 3675
1255 2516
2415 2360
2225 3839
443 2202
1984 2346
3430 1254
1930 1261
3274 1749
1335 1082
851 1525
1003 1440
2337 2083
3406 1633
2153 3125
3790 70
581 2812
353 2996
1185 346
616 3381
315 2600
1741 3745
1621 1438
1019 2662
954 2354
3744 3558
1646 2514
1011 3982
2364 2184
3383 530
1323 3186
2354 1903
2011 474
2666 963
819 3282
358 1134
3649 3852
2646 1283
1303 3664
1713 24
3785 3224
3581 3199
3505 605
962 1883
2788 358
180 1878
3543 301
1549 3321
775 228
2052 1593
3509 2409
494 3171
42 3139
2222 1344
585 1702
3121 383
939 2715
1349 457
1087 2311
107 1642
2668 287
3520 3979
587 1082
1081 1361
3063 3132
722 2586
1554 1215
3524 1595
368 1759
706 952
1228 1594
3088 2166
322 451
391 3162
2761 497
818 3196
783 2105
956 3124
954 2037
498 30
1182 2973
383 504
202 3907
3852 2323
3433 2326
1042 675
3919 143
608 2009
2347 998
1184 2875
1495 3755
3839 45
1873 808
3168 2826
612 1434
2856 3548
2174 1006
65 2375
926 1684
2465 373
1777 3506
2801 1710
1417 3408
1486 1531
2174 2669
420 3668
2438 2026
1480 2078
2833 2416
918 3445
1617 1541
774 3790
2546 838
2179 1240
289 2411
1612 2066
3685 2180
1543 2869
1601 3028
413 3774
3464 2586
1223 3669
625 471
1761 1226
2886 2678
2438 516
1986 3211
319 545
1816 265
1784 2104
444 1163
183 142
1110 1725
3010 2711
2520 3422
266 1998
3776 3243
1680 2168
3713 3440
3393 380
3885 1844
895 1884
2822 2967
197 651
3232 3734
2755 3675
911 705
1584 2020
198 607
2498 2717
1796 532
2482 3339
1542 176
1521 3022
1383 927
3401 1282
539 2063
933 3360
1043 1129
25 2042
877 547
3484 3541
3005 1081
3328 970
3441 3594
3687 3005
139 3936
2357 3434
125 3877
2469 3262
818 3637
2311 3110
1713 3243
2483 523
2140 275
333 784
2575 3816
2092 3348
2665 1433
331 3873
1040 31
2891 2932
1735 3016
147 3613
2906 2615
2888 1491
33 1212
614 1745
2223 865
36 2130
2893 368
2913 1482
1951 1018
843 2383
2450 1173
38 1258
2958 2928
1957 706
1957 2104
2086 2631
2486 988
1889 2519
3953 2503
277 2189
1135 2066
332 41
201 1012
3276 2152
2029 1886
2302 2247
827 2339
1272 3784
3035 3228
2257 2759
1345 356
1403 3831
3097 3292
2363 3064
3562 407
3020 2464
241 3352
2504 441
377 3548
2592 174
1447 2662
2420 2273
1014 3691
3824 1816
2932 3848
589 2045
1972 3745
3643 1082
818 3773
159 2147
1947 947
624 2187
312 3128
2628 2442
2689 2987
2615 1903
1662 1048
190 444
2506 27
2259 3206
1643 615
3018 3614
374 2674
709 2945
228 2622
1106 2174
3568 1729
375 1647
2624 3002
102 3080
3756 2717
997 1432
1532 2940
3629 1806
734 1901
1025 2376
284 56
2003 657
497 480
1369 724
3101 2474
2897 450
217 1039
2096 608
54 3951
3688 1578
449 2452
777 1981
1405 419
1554 2138
87 2578
528 370
401 2530
2780 897
777 163
1620 3877
2636 2284
2094 620
3323 1957
1228 1144
3676 2683
2721 138
1148 3497
3872 320
1683 1439
2457 1770
1784 752
2139 2184
3282 933
3080 1826
1095 2467
3471 3730
2519 1578
2118 1855
1303 3345
2998 992
3795 3487
1129 956
765 2769
1275 2448
221 1499
231 2005
2251 137
1956 3300
1069 2804
1139 3917
1284 623
1429 3802
3955 3546
3424 1271
672 204
2262 480
3690 1158
3189 2222
1694 2231
683 3669
3729 2667
3441 3747
2804 1410
3060 3872
227 213
3803 3265
2589 1245
3080 2557
2558 286
3827 3229
489 3856
1476 1946
2782 678
181 2243
676 864
1925 2172
3530 1379
1933 115
557 1006
1 783
2972 1571
1815 3329
2815 2663
1899 1386
2948 3494
2382 3436
1131 3857
3149 1680
548 3329
3923 2977
1960 3615
1162 3258
2762 3094
3372 3318
1868 1140
1868 2607
2710 3683
1949 3292
2359 1616
2445 3074
2877 840
2523 1775
710 3439
3455 3011
2781 1159
2001 2509
2541 3163
1780 1316
38 2919
2401 1905
73 2037
2280 550
3487 242
3842 3613
3611 2300
2700 2501
3140 2990
2044 1617
2442 1512
2396 2990
438 410
1512 746
1340 1059
3816 1378
1746 2230
1050 1818
2034 3329
2367 1534
1339 3976
1160 963
2290 3859
1232 3197
630 3275
827 3071
2554 990
2075 759
1400 1354
1504 507
2413 1333
3638 1926
1331 702
3743 3364
1798 3877
912 3136
1635 3825
1867 3924
1466 866
902 2095
1908 3482
2934 475
486 1022
1233 3639
143 504
159 2555
1837 3797
2248 3167
2266 3758
312 1831
3649 2977
2735 3051
2816 615
756 2049
3234 1657
157 1155
1152 858
1629 3391
1879 629
3043 2022
2886 3202
2344 736
780 606
1670 813

