0
0
1
5
11
15
16
16
18
26
38
46
48
46
51
53
59
62
55
59
59
67
77
85
90
84
88
95
105
115
111
101
105
111
115
115
110
111
117
128
152
173
173
184
198
226
254
261
263
263
289
297
289
299
299
306
318
340
360
370
375
383
413
450
459
461
476
504
514
498
503
520
539
561
576
604
632
650
657
681
719
726
732
757
781
805
817
837
847
848
863
862
882
912
918
937
971
995
1015
1035
1059
1070
1078
1098
1100
1130
1147
1154
1178
1197
1212
1218
1230
1249
1265
1276
1306
1330
1371
1391
1388
1392
1408
1439
1437
1444
1449
1467
1505
1525
1559
1557
1569
1594
1622
1651
1639
1637
1660
1686
1715
1707
1709
1701
1707
1727
1736
1730
1749
1768
1810
1839
1845
1835
1839
1845
1860
1872
1891
1912
1931
1967
1999
2019
2035
2028
2034
2052
2063
2076
2078
2091
2099
2090
2099
2103
2141
2169
2187
2208
2236
2277
2300
2288
2288
2304
2319
2314
2318
2330
2325
2333
2350
2381
2413
2405
2422
2447
2495
2535
2551
2555
2561
2586
2615
2619
2637
2624
2620
2614
2646
2666
2676
2692
2702
2710
2751
2779
2802
2826
2828
2842
2886
2946
2972
2959
2954
2942
2963
2995
3007
3009
3000
3031
3072
3135
3185
3179
3176
3226
3277
3281
3295
3316
3315
3314
3325
3323
3335
3328
3323
3341
3408
3464
3458
3479
3518
3544
3591
3598
3608
3619
3645
3667
3679
3681
3694
3707
3709
3729
3733
3789
3812
3821
3807
3812
3844
3865
3896
3924
3922
3957
3968
3970
3995
4012
4028
4045
4060
4078
4094
4129
4159
4144
4175
4221
4247
4263
4256
4274
4290
4333
4346
4328
4368
4398
4418
4416
4420
4424
4432
4445
4473
4515
4546
4544
4559
4559
4573
4603
4621
4645
4651
4684
4736
4791
4807
4790
4782
4783
4798
4806
4796
4834
4858
4880
4865
4882
4882
4966
5003
5025
5051
5041
5071
5089
5097
5091
5102
5149
5170
5153
5170
5218
5268
5318
5349
5401
5439
5465
5474
5487
5508
5518
5512
5510
5515
5523
5546
5604
5640
5646
5632
5640
5680
5740
5782
5798
5820
5854
5825
5836
5844
5838
5872
5906
5956
5980
6030
6037
6041
6085
6077
6066
6081
6118
6156
6182
6200
6237
6267
6279
6302
6310
6291
6295
6317
6361
6413
6422
6430
6462
6518
6508
6468
6484
6522
6570
6594
6576
6577
6605
6633
6659
6681
6678
6684
6704
6754
6806
6850
6852
6888
6904
6906
6900
6912
6938
6930
6920
6951
6972
7010
7044
7060
7090
7126
7160
7154
7176
7186
7236
7280
7259
7288
7268
7303
7322
7352
7377
7383
7418
7469
7519
7532
7560
7575
7605
7647
7628
7625
7639
7663
7682
7739
7772
7812
7778
7761
7795
7863
7880
7892
7885
7919
7974
7966
7965
7973
7964
7962
7996
8051
8005
8059
8063
8063
8077
8123
8100
8113
8150
8165
8213
8206
8283
8308
8284
8248
8241
8295
8265
8311
8303
8299
8288
8271
8267
8292
8304
8307
8307
8342
8364
8372
8389
8425
8473
8451
8481
8525
8516
8560
8523
8573
8571
8565
8534
8524
8561
8601
8591
8564
8550
8518
8554
8592
8601
8632
8608
8611
8595
8603
8593
8544
8506
8512
8533
8571
8607
8612
8664
8634
8677
8698
8722
8732
8714
8708
8696
8686
8684
8665
8623
8621
8566
8549
8580
8551
8519
8516
8550
8592
8634
8640
8632
8610
8559
8573
8589
8631
8576
8588
8633
8637
8658
8631
8640
8648
8665
8693
8679
8682
8671
8711
8714
8757
8776
8787
8765
8685
8697
8658
8662
8659
8649
8653
8653
8657
8680
8664
8646
8679
8707
8729
8742
8748
8722
8722
8722
8750
8716
8705
8746
8712
8724
8771
8833
8898
8877
8872
8871
8917
8947
8994
8987
8955
8941
8964
8989
9001
9032
9046
9134
9110
9086
9078
9130
9178
9196
9168
9202
9244
9253
9245
9256
9309
9372
9412
9406
9392
9380
9416
9445
9462
9475
9421
9395
9441
9475
9463
9467
9507
9521
9570
9582
9563
9578
9564
9549
9566
9628
9591
9553
9538
9581
9587
9563
9576
9624
9596
9542
9546
9557
9568
9586
9512
9460
9460
9480
9494
9507
9483
9467
9493
9510
9495
9457
9435
9509
9507
9514
9504
9504
9516
9546
9547
9543
9465
9411
9407
9441
9430
9396
9384
9391
9404
9381
9353
9347
9337
9334
9302
9306
9320
9291
9229
9209
9184
9205
9268
9258
9245
9281
9269
9286
9379
9446
9441
9449
9444
9373
9279
9317
9329
9315
9292
9203
9121
9097
9095
9063
9119
9136
9133
9105
9085
9083
9059
9047
9102
9058
9052
9016
9003
8997
9029
9064
9064
9082
9052
8987
8947
8947
8940
8939
8974
8982
8955
8939
8875
8860
8880
8816
8762
8711
8675
8638
8655
8675
8651
8626
8616
8592
8607
8558
8580
8570
8607
8613
8580
8576
8560
8543
8535
8551
8588
8531
8466
8453
8447
8485
8457
8432
8432
8443
8357
8313
8398
8433
8440
8457
8450
8466
8462
8474
8449
8451
8429
8323
8292
8290
8273
8269
8269
8295
8281
8297
8279
8217
8217
8169
8205
8235
8244
8228
8151
8133
8133
8166
8118
8071
8081
8038
8040
8009
8034
8032
7941
7942
7908
7926
7905
7893
7907
7883
7855
7951
7892
7853
7795
7751
7765
7766
7668
7654
7690
7628
7604
7612
7534
7557
7578
7573
7536
7523
7529
7533
7511
7462
7453
7469
7471
7535
7537
7491
7513
7456
7434
7426
7462
7474
7379
7329
7235
7212
7207
7155
7099
7105
7176
7163
7191
7169
7115
7139
7157
7163
7105
7077
7127
7181
7257
7290
7300
7322
7295
7317
7343
7346
7428
7373
7329
7340
7274
7262
7318
7292
7290
7338
7362
7323
7353
7291
7308
7337
7357
7315
7265
7261
7271
7342
7362
7369
7340
7312
7334
7346
7400
7466
7451
7425
7399
7395
7457
7419
7461
7458
7398
7389
7323
7343
7371
7377
7373
7336
7249
7199
7223
7211
7188
7192
7216
7238
7222
7172
7172
7182
7252
7171
7128
7096
7044
7012
7084
7145
7147
7083
7067
7037
7007
6999
6995
6948
6910
6886
6851
6847
6843
6746
6710
6680
6692
6717
6743
6697
6622
6671
6658
6720
6737
6717
6675
6589
6603
6612
6629
6675
6609
6620
6630
6622
6652
6629
6599
6648
6673
6697
6665
6702
6706
6791
6743
6801
6831
6799
6783
6770
6724
6743
6732
6678
6675
6621
6643
6672
6656
6678
6693
6771
6757
6777
6747
6734
6706
6742
6726
6697
6715
6683
6650
6639
6675
6694
6694
6707
6692
6686
6732
6708
6675
6658
6621
6675
6616
6640
6612
6518
6556
6565
6586
6472
6506
6488
6451
6511
6552
6526
6491
6535
6528
6554
6593
6579
6613
6679
6694
6685
6649
6647
6745
6754
6753
6810
6804
6876
6898
6972
7050
7054
7082
7093
7094
7069
7056
7022
7007
7003
6965
6963
6942
6990
7028
7004
7090
7075
7071
7126
7139
7199
7248
7264
7221
7203
7293
7231
7281
7351
7301
7346
7361
7403
7441
7431
7402
7402
7408
7414
7411
7458
7350
7356
7350
7342
7398
7460
7508
7558
7589
7594
7600
7588
7583
7657
7575
7611
7649
7677
7768
7821
7865
7859
7931
8008
7997
8018
7983
8057
8085
8103
8148
8183
8202
8248
8242
8257
8322
8365
8367
8381
8445
8495
8476
8448
8520
8594
8653
8703
8730
8756
8688
8634
8669
8634
8723
8810
8792
8798
8820
8818
8882
8951
9078
9134
9146
9152
9124
9120
9209
9245
9250
9300
9334
9312
9351
9301
9352
9399
9483
9454
9438
9545
9570
9616
9602
9632
9677
9704
9757
9851
9960
10085
10122
10112
10219
10229
10295
10296
10324
10351
10391
10411
10446
10548
10600
10590
10602
10606
10613
10566
10622
10661
10812
10860
10821
10793
10809
10825
10914
10886
10926
10942
10962
10953
10951
10965
10955
11010
11035
11053
11068
11042
11112
11158
11256
11287
11371
11397
11375
11438
11459
11469
11491
11559
11642
11678
11758
11782
11872
11959
12013
12037
12075
12081
12103
12073
12082
12114
12118
12184
12227
12228
12294
12344
12443
12535
12667
12722
12834
12932
12878
12933
12978
13032
13088
13119
13140
13147
13237
13386
13391
13496
13508
13542
13531
13515
13588
13608
13672
13628
13588
13586
13628
13666
13684
13747
13803
13862
13884
13921
13939
13938
13928
13966
13966
14076
14150
14234
14273
14384
14359
14402
14437
14533
14663
14697
14667
14827
14859
14854
14920
15004
14984
15083
15079
15068
15146
15176
15178
15208
15242
15317
15344
15335
15361
15406
15460
15539
15574
15607
15598
15666
15692
15713
15754
15818
15898
15981
16107
16190
16269
16319
16364
16434
16512
16526
16650
16684
16709
16718
16818
16824
16822
16912
16933
16993
17094
17104
17130
17153
17162
17179
17251
17207
17295
17371
17384
17379
17407
17393
17551
17533
17554
17640
17653
17662
17716
17806
17867
17893
18004
17954
17950
17953
17989
17963
17997
18006
18036
18012
17994
17885
17909
17959
17957
17966
17943
17994
18024
18053
18105
18216
18189
18138
18180
18197
18178
18223
18232
18303
18367
18342
18338
18338
18409
18510
18496
18528
18656
18704
18731
18756
18817
18773
18786
18782
18914
18888
18944
19004
19057
19113
19060
19005
18968
18986
19138
19179
19117
19155
19190
19207
19271
19341
19349
19412
19450
19402
19396
19454
19492
19540
19587
19681
19714
19769
19747
19825
19869
19944
20090
20198
20262
20274
20270
20334
20328
20287
20289
20309
20347
20501
20460
20462
20565
20576
20623
20631
20699
20675
20641
20707
20675
20762
20890
20956
20966
20946
20911
20967
20997
21017
21069
21026
21064
21121
21193
21183
21248
21286
21354
21365
21401
21455
21525
21551
21597
21605
21645
21660
21713
21765
21681
21674
21754
21730
21716
21700
21723
21795
21796
21864
21860
21821
21805
21803
21824
21935
21955
21995
22011
22000
22027
22113
22129
22165
22201
22313
22313
22385
22415
22405
22503
22639
22649
22619
22644
22676
22702
22693
22742
22780
22916
22956
22899
22886
23005
23111
23130
23195
23299
23334
23472
23474
23480
23534
23585
23677
23713
23745
23709
23795
23807
23827
23853
23881
23974
24026
24037
24015
24059
24202
24282
24302
24344
24416
24458
24489
24540
24556
24603
24726
24726
24733
24819
24910
24985
25019
25066
25127
25105
25190
25181
25187
25157
25237
25231
25358
25382
25419
25541
25623
25687
25663
25613
25703
25651
25622
25697
25705
25766
25737
25675
25675
25747
25841
25851
25872
25836
25866
25874
25937
25959
26043
26143
26208
26203
26254
26256
26210
26293
26282
26309
26303
26373
26411
26542
26725
26774
26846
26896
26853
26823
26907
26975
27065
27045
27091
27137
27205
27267
27365
27317
27324
27308
27338
27347
27328
27394
27482
27439
27415
27405
27445
27473
27445
27390
27454
27493
27515
27554
27528
27600
27605
27577
27587
27611
27663
27709
27710
27738
27773
27890
28006
28056
28020
28093
28107
28171
28192
28238
28202
28270
28336
28339
28364
28405
28292
28434
28454
28640
28636
28642
28752
28841
28815
28795
28845
28890
28902
28959
29003
29021
29100
29182
29155
29221
29321
29440
29476
29572
29636
29668
29658
29787
29885
29883
29917
29822
29795
29886
29808
29762
29724
29724
29802
29732
29778
29875
29811
29887
29905
29934
29941
29993
30004
29959
29997
30037
30050
30023
29980
29973
29996
29980
29907
29978
29930
30038
30119
30144
30144
30166
30148
30204
30099
30083
30038
30066
30040
30050
29930
29989
29991
30029
30063
30038
29974
29973
29991
30084
30112
30108
30149
30123
30113
30075
30191
30162
30062
30026
30082
30146
30171
30090
30109
30173
30119
30115
30118
30163
30235
30263
30245
30266
30303
30267
30302
30356
30414
30398
30372
30329
30184
30156
30162
30126
30106
30082
30082
30107
30215
30287
30217
30263
30299
30364
30380
30324
30348
30308
30232
30181
30269
30288
30163
30200
30147
30147
30195
30137
30109
30127
30142
30149
30071
30071
30005
29994
29986
30035
29975
29950
30022
29960
29947
29967
29943
30069
30079
30159
30162
30139
30224
30274
30308
30324
30298
30282
30285
30371
30369
30293
30277
30277
30310
30376
30279
30213
30273
30253
30346
30302
30280
30330
30351
30254
30330
30270
30224
30197
30159
30072
30108
30111
30154
30128
30102
30147
30247
30221
30140
30141
30109
30139
30213
30322
30355
30367
30317
30315
30343
30384
30385
30399
30357
30330
30304
30256
30314
30255
30461
30478
30472
30474
30521
30446
30490
30583
30544
30560
30653
30690
30692
30648
30732
30812
30902
30836
30848
30839
30925
30988
31090
31085
31070
31062
31148
31130
31176
31127
31153
31151
31167
31135
31119
31154
31212
31194
31238
31224
31211
31193
31142
31142
31150
31142
31147
31055
31045
31023
30941
30981
30901
30890
30870
30818
30798
30850
30861
30852
30808
30843
30827
30871
30923
30986
31018
31111
31017
30884
30894
30813
30865
30961
30967
31031
31014
31014
31020
31008
31064
31111
31077
31045
30952
30911
30937
31045
31165
31232
31226
31182
31291
31403
31500
31570
31558
31525
31574
31555
31631
31758
31736
31714
31714
31784
31836
31752
31759
31663
31611
31649
31637
31641
31663
31537
31596
31531
31467
31491
31425
31417
31409
31464
31440
31496
31528
31617
31591
31632
31693
31647
31619
31701
31697
31831
31885
31845
31829
31931
31905
31829
31772
31853
31721
31788
31774
31772
31820
31742
31760
31834
31910
31851
31874
31773
31794
31770
31774
31710
31775
31845
31919
31970
32012
31999
31988
31972
32016
32053
31958
32040
32032
32006
32027
32034
31844
31908
31905
31965
31896
31762
31694
31676
31630
31566
31482
31537
31496
31486
31462
31417
31413
31456
31410
31344
31390
31329
31259
31214
31140
31089
31015
31041
31055
30946
30988
30987
30962
30996
31124
31174
31098
31148
31094
31012
30977
30929
30915
30840
30926
30910
30890
30827
30870
30787
30735
30822
30878
30811
30793
30679
30701
30622
30628
30627
30697
30660
30561
30473
30554
30546
30465
30288
30225
30223
30227
30275
30386
30419
30383
30341
30213
30251
30183
30233
30233
30196
30272
30238
30155
30159
30227
30276
30182
30317
30287
30238
30245
30157
30157
30153
30036
29907
29881
29879
29835
29787
29721
29760
29714
29586
29619
29650
29798
29834
29770
29850
29870
29938
29968
29942
29997
30021
30018
29924
29941
29695
29652
29682
29644
29632
29450
29437
29464
29264
29377
29338
29344
29372
29446
29554
29470
29600
29670
29634
29575
29496
29408
29528
29474
29514
29531
29601
29505
29577
29526
29386
29416
29454
29447
29467
29443
29456
29468
29545
29537
29516
29495
29345
29373
29305
29294
29151
29142
29112
29174
29133
29069
29034
29146
29216
29310
29378
29343
29395
29425
29451
29402
29362
29382
29324
29388
29314
29394
29407
29443
29589
29605
29593
29591
29628
29748
29724
29764
29681
29697
29777
29714
29839
29801
29880
29868
29878
29915
29984
30054
30090
30132
30102
30072
30220
30145
30140
30114
30198
30262
30210
30254
30284
30221
30365
30352
30468
30429
30339
30299
30303
30227
30215
30177
30227
30268
30369
30333
30257
30215
30283
30204
30137
30128
30116
30040
29940
29855
29832
29744
29628
29638
29640
29653
29591
29592
29656
29644
29699
29680
29733
29789
29833
29923
29779
29853
29812
29839
29996
30048
30074
30089
30117
30097
30138
30178
30122
30267
30223
30313
30315
30280
30346
30327
30323
30357
30290
30274
30284
30377
30365
30330
30469
30472
30447
30445
30397
30491
30516
30562
30561
30613
30705
30801
30768
30663
30756
30736
30757
30881
30887
30884
30733
30829
30934
30869
30875
30807
30890
30959
30896
30947
30945
30965
31026
31027
31015
30999
31097
31163
31127
31172
31180
31157
31293
31324
31341
31363
31323
31355
31395
31349
31342
31418
31309
31446
31553
31628
31660
31598
31652
31706
31598
31505
31375
31380
31362
31432
31496
31524
31514
31452
31446
31500
31547
31612
31622
31580
31514
31431
31381
31385
31451
31404
31431
31394
31443
31387
31313
31360
31467
31585
31591
31563
31581
31649
31703
31681
31525
31531
31492
31588
31650
31633
31753
31849
31796
31764
31781
31840
31822
31803
31747
31860
31842
31840
31798
31752
31712
31709
31755
31877
31895
31969
31942
31931
31945
32003
32027
32065
32130
32193
32117
32039
31966
32103
32056
32010
32057
32124
32146
32062
32052
32125
32155
32113
32157
32173
32141
31992
31922
31910
31942
32074
32060
32106
32120
32254
32344
32318
32444
32582
32622
32492
32512
32576
32458
32490
32563
32552
32609
32683
32641
32797
32815
32777
32863
32940
33000
33153
33093
33035
33078
33071
32904
32802
32876
32944
33029
32943
32929
32967
32936
33080
33114
33024
33072
33010
33108
33122
33200
33377
33424
33512
33596
33717
33777
33797
33850
33911
33832
33791
33923
33890
33952
34038
34182
34148
34274
34332
34323
34456
34456
34490
34574
34557
34670
34716
34815
34927
34953
34990
35108
35151
35242
35250
35346
35289
35285
35337
35285
35327
35403
35530
35522
35562
35640
35665
35754
35718
35775
35754
35743
35738
35778
35838
35878
35910
35767
35783
35853
35835
35791
35800
35904
35994
35935
35983
35981
36034
35998
35857
35905
35881
35940
35841
36025
36045
36084
36071
36134
36103
36187
36161
36260
36363
36405
36441
36447
36451
36418
36474
36616
36616
36729
36656
36753
36848
36854
36828
36872
36985
37203
37285
37219
37179
37311
37378
37442
37546
37623
37650
37807
37847
37907
38045
38045
38087
38192
38119
38133
38221
38303
38285
38339
38278
38236
38313
38395
38514
38577
38622
38722
38714
38687
38839
38911
39099
39150
39180
39160
39208
39360
39328
39398
39332
39328
39410
39402
39451
39418
39470
39598
39650
39737
39719
39719
39746
39806
39839
39926
39942
39943
39965
40192
40280
40294
40296
40370
40522
40627
40639
40573
40643
40790
40843
40907
41072
41198
41187
41241
41421
41537
41573
41583
41597
41614
41643
41669
41767
41843
41916
41846
41830
41870
41908
42006
42232
42300
42430
42556
42505
42609
42671
42661
42651
42754
42774
42908
42976
43012
42982
43031
43020
43092
43130
43076
43150
43182
43257
43419
43360
43292
43394
43446
43522
43385
43429
43443
43453
43528
43518
43664
43738
43789
43812
43943
43995
44010
44108
44064
44218
44228
44297
44291
44439
44466
44564
44672
44730
44705
44742
44828
44876
44860
44863
44917
44922
44918
44977
45044
45093
45119
45231
45308
45364
45358
45387
45382
45464
45536
45583
45596
45632
45636
45736
45674
45635
45754
45777
45879
45965
45941
45999
45991
46043
46079
46056
45987
46031
46061
46067
46141
46171
46178
46289
46291
46481
46506
46486
46496
46555
46610
46652
46684
46842
46899
46991
47003
47089
47217
47283
47355
47445
47547
47675
47645
47644
47618
47771
47793
47797
47823
47847
47958
48033
48121
48121
48169
48406
48590
48684
48635
48657
48802
48858
48885
48966
48962
48916
48972
48995
49023
48911
48952
48916
48983
48893
49029
48977
49004
49115
49291
49398
49435
49543
49577
49703
49709
49647
49733
49697
49637
49700
49663
49764
49862
49889
49988
50056
49990
50060
50168
50188
50214
50337
50404
50487
50474
50502
50485
50484
50540
50591
50653
50707
50769
50937
51042
51168
51279
51349
51421
51417
51485
51642
51668
51751
51766
51726
51724
51764
51798
51946
52004
52013
52164
52162
52276
52418
52398
52508
52549
52623
52797
52799
52853
52779
52753
52843
52860
52903
52883
52916
52961
52957
53179
53193
53256
53404
53439
53561
53530
53621
53743
53823
53917
54049
54200
54131
54215
54306
54377
54403
54509
54669
54705
54755
54838
54899
54889
54934
55070
55228
55286
55268
55382
55371
55400
55459
55539
55521
55486
55447
55533
55666
55810
56014
56083
56111
56317
56363
56537
56528
56672
56721
56693
56779
56816
56836
56929
56843
56963
56933
57014
57111
57179
57348
57418
57456
57571
57559
57628
57702
57820
57840
57804
57802
57924
58018
58050
58216
58254
58219
58278
58163
58276
58331
58312
58318
58454
58516
58576
58720
58833
58893
58948
59019
59075
59010
59118
59126
59126
59124
59122
59258
59300
59330
59385
59455
59486
59456
59518
59562
59571
59605
59651
59620
59628
59673
59676
59811
59882
59900
59942
60199
60253
60250
60198
60272
60276
60319
60433
60477
60490
60544
60630
60786
60757
60746
60760
60682
60732
60778
60870
60834
60802
60890
60980
60887
60992
60988
61197
61223
61322
61371
61460
61549
61585
61560
61512
61578
61637
61663
61701
61691
61667
61774
61854
61886
62017
62061
62141
62281
62387
62401
62480
62557
62765
62912
62867
62964
62931
63084
63133
63201
63267
63278
63400
63412
63462
63570
63586
63762
63827
63913
64063
64199
64203
64171
64265
64429
64496
64596
64581
64679
64586
64579
64669
64791
64902
64990
65029
65021
65106
65158
65208
65274
65220
65302
65350
65350
65301
65406
65317
65391
65483
65509
65621
65740
65768
65620
65732
65753
65719
65840
65816
65692
65762
65858
65854
65968
66044
66063
66159
66181
66283
66339
66237
66173
66317
66441
66454
66423
66388
66398
66424
66423
66463
66590
66608
66599
66696
66688
66712
66795
66798
66866
66945
67087
67150
67237
67283
67309
67417
67527
67575
67562
67674
67637
67513
67601
67721
67652
67614
67624
67614
67622
67590
67568
67718
67764
67664
67868
67964
67958
68163
68160
68167
68177
68205
68255
68383
68536
68534
68742
68770
68850
68876
68782
68719
68720
68793
68848
68831
68860
68924
68956
69019
69075
69091
69030
68998
69037
69016
69085
69130
69296
69321
69417
69437
69394
69416
69420
69465
69426
69418
69440
69421
69528
69568
69672
69894
69924
70057
70035
70047
70066
70170
70220
70183
70204
70146
70177
70133
70143
70225
70146
70186
70124
70037
70060
70044
69999
70061
70188
70125
70179
70102
70058
70012
70151
70315
70268
70281
70349
70367
70452
70546
70602
70620
70665
70580
70578
70620
70636
70688
70884
70948
70934
71009
70964
70896
70928
70939
71026
71155
71167
71131
71265
71407
71558
71664
71798
71836
71783
71834
71893
72037
72059
72012
71934
72089
72002
72015
71984
72017
72143
72244
72302
72237
72274
72323
72362
72365
72383
72368
72411
72372
72327
72329
72415
72541
72554
72529
72466
72471
72545
72555
72676
72708
72820
72930
73003
73010
73196
73203
73235
73288
73234
73223
73409
73442
73516
73468
73434
73511
73515
73410
73344
73324
73339
73376
73449
73505
73579
73423
73549
73537
73507
73552
73503
73477
73527
73523
73551
73543
73435
73471
73669
73785
73849
73779
73765
73670
73786
73782
73831
73973
73961
73943
73978
74010
73994
73878
73870
73918
73932
74014
74057
74057
74082
74069
74133
74201
74233
74337
74456
74452
74412
74539
74620
74561
74680
74700
74824
74848
74831
74899
74998
75000
75010
75097
75213
75220
75162
75273
75169
75122
75128
75130
75113
75262
75251
75331
75538
75470
75396
75466
75452
75506
75598
75625
75630
75740
75954
75952
75992
76126
76302
76360
76372
76376
76531
76441
76543
76531
76543
76655
76632
76712
76703
76895
76963
77017
77114
77198
77246
77291
77167
77247
77215
77149
77105
77200
77195
77206
77240
77382
77276
77452
77481
77467
77571
77699
77711
77741
77723
77827
78055
78003
78043
77995
78043
78173
78247
78177
78281
78389
78474
78523
78605
78521
78544
78537
78581
78715
78793
78806
78814
78886
78896
79005
79068
79148
79094
79141
79200
79359
79284
79453
79537
79635
79720
79771
79731
79824
79783
79835
79945
80059
80139
80181
80123
80264
80211
80287
80225
80284
80320
80357
80310
80438
80576
80641
80623
80683
80736
80725
80780
80693
80700
80750
80829
80838
80675
80777
80832
80735
80757
80852
80904
80986
80920
81010
81104
81056
81178
81351
81397
81408
81413
81511
81616
81712
81677
81803
81765
81768
81872
82035
81998
81940
81934
81917
81951
82009
82031
82145
82202
82293
82521
82563
82529
82571
82578
82750
82696
82644
82680
82814
82937
82912
82909
83091
83208
83364
83341
83268
83364
83317
83361
83373
83315
83246
83310
83384
83442
83359
83433
83506
83592
83580
83543
83587
83584
83584
83691
83823
83814
83855
84005
84030
83998
84024
84028
84138
84164
84188
84212
84258
84477
84478
84544
84494
84411
84380
84473
84475
84701
84796
84762
84833
84865
85065
85149
85145
85283
85307
85363
85389
85367
85479
85473
85526
85446
85456
85437
85460
85536
85576
85634
85727
85724
85733
85711
85853
85825
85801
85804
85830
85800
85906
86084
86045
86049
85940
85973
86003
86033
85944
85955
85871
85823
85884
85993
85928
85932
85870
85894
85878
85920
86056
86090
86077
85997
85969
86015
85865
85879
85821
85893
85872
85892
85887
85986
86024
86158
86192
86162
86127
86248
86226
86113
86020
85950
85834
85942
85758
85737
85686
85608
85644
85375
85316
85442
85551
85500
85453
85542
85568
85414
85364
85318
85239
85169
85153
85111
85197
85256
85298
85384
85458
85522
85488
85380
85492
85522
85488
85484
85495
85672
85716
85690
85709
85816
85802
85726
85760
85821
85782
85748
85588
85610
85599
85579
85538
85578
85542
85526
85498
85508
85266
85160
85016
85007
85063
85056
85171
85057
85049
84919
85089
85179
85105
85051
85037
85097
85197
85178
85116
85058
85066
84912
84958
84972
84962
85106
85162
85155
85151
85192
85299
85317
85402
85320
85302
85246
85383
85507
85499
85531
85444
85301
85292
85070
85014
85052
85025
85093
85088
84924
84899
84812
84886
84891
85068
85043
84989
84977
84970
84930
84943
84948
84851
84902
84756
84794
84837
84875
84783
84923
84927
84992
84931
84932
84792
84752
84748
84679
84619
84552
84578
84505
84431
84479
84583
84686
84700
84598
84595
84660
84655
84639
84713
84775
84773
84764
84763
84553
84642
84592
84484
84592
84634
84576
84491
84347
84351
84321
84217
84180
84213
84141
84179
84266
84323
84356
84200
84053
84094
84054
84033
83863
83927
83839
83813
83834
83939
84076
83934
83956
83882
83990
83972
84050
83993
84019
83949
84120
83996
83994
84034
84066
84072
84214
84101
83977
83951
84012
84010
84038
84068
84141
84200
84256
84260
84396
84374
84350
84267
84213
84186
84286
84327
84373
84436
84316
84334
84181
84165
84216
84345
84316
84305
84308
84336
84352
84283
84425
84365
84213
84244
84200
84192
84168
84118
84152
84211
84192
84169
84152
84123
84184
84342
84390
84334
84238
84370
84338
84267
84456
84468
84454
84479
84536
84468
84440
84334
84390
84361
84404
84223
84213
84200
84082
84116
84206
84199
84288
84156
84134
83985
83885
84040
84102
84101
84078
84025
84043
83993
84047
84039
84049
84065
84036
83998
83904
83820
83870
83751
83619
83543
83303
83285
83296
83222
83279
83206
83212
83273
83194
83144
83293
83492
83502
83482
83449
83445
83342
83358
83314
83240
83132
83234
83158
82974
83005
82957
82882
82862
82754
82673
82814
82836
82996
83009
83021
83067
83113
83066
83022
82933
82882
82908
82932
83080
83109
82979
83014
82917
82923
82852
82858
82846
82816
82770
82786
82758
82794
82816
82765
82762
82742
82647
82591
82649
82731
82716
82662
82693
82600
82626
82539
82468
82512
82564
82547
82511
82355
82288
82392
82540
82546
82461
82514
82512
82484
82438
82339
82346
82362
82424
82532
82318
82084
82162
82283
82203
82181
82148
81998
81940
82093
81887
81899
81845
81827
81863
81821
81691
81663
81609
81587
81485
81675
81775
81794
81930
81820
81818
81704
81665
81663
81596
81508
81477
81349
81437
81444
81384
81218
81296
81186
81192
81264
81308
81283
81406
81388
81395
81188
81120
81042
81046
81146
81266
81083
81137
81200
81289
81410
81348
81430
81479
81419
81431
81326
81278
81264
81156
81181
81033
81078
81157
81225
81117
81185
81153
81251
81269
81281
81134
81098
81141
81080
80990
81002
80960
80926
80924
80881
80921
80957
80878
80850
80776
80682
80680
80693
80625
80675
80670
80558
80476
80447
80493
80559
80501
80420
80432
80420
80484
80503
80455
80412
80455
80378
80477
80360
80288
80206
80263
80218
80294
80331
80262
80197
80158
80320
80204
80265
80394
80396
80387
80409
80430
80480
80372
80303
80406
80353
80482
80483
80493
80512
80433
80295
80291
80493
80478
80438
80498
80576
80636
80570
80507
80448
80420
80474
80530
80560
80482
80500
80551
80601
80495
80493
80603
80481
80419
80282
80172
80220
80124
80117
80095
80145
80123
80101
79973
79879
79927
79914
79912
79775
79709
79613
79611
79602
79698
79654
79608
79646
79652
79510
79547
79387
79538
79564
79532
79474
79597
79722
79662
79567
79674
79785
79696
79590
79598
79590
79639
79655
79673
79754
79731
79893
79973
80018
79870
79936
80082
80070
80022
80020
80043
80083
80071
80063
79993
80060
80169
80305
80287
80309
80311
80287
80248
80261
80301
80307
80248
80282
80234
80225
80317
80294
80415
80382
80453
80442
80376
80370
80398
80371
80551
80559
80651
80577
80598
80512
80450
80404
80384
80473
80554
80410
80368
80384
80364
80452
80356
80273
80369
80479
80370
80241
80253
80196
80342
80416
80513
80486
80638
80710
80765
80808
80740
80548
80590
80546
80498
80455
80479
80553
80547
80652
80586
80686
80694
80707
80629
80627
80587
80598
80535
80523
80451
80519
80577
80557
80589
80566
80518
80506
80624
80599
80529
80455
80353
80261
80351
80335
80263
80258
80372
80242
80320
80276
80356
80330
80277
80271
80243
80228
80266
80410
80493
80471
80429
80419
80409
80330
80266
80208
80065
80156
80166
80076
80137
80073
80025
80113
80061
80109
80050
80138
80212
80111
80161
80168
80226
80296
80336
80273
80102
80150
80125
80083
80111
80193
80162
80269
80255
80295
80276
80405
80348
80397
80377
80363
80457
80479
80455
80549
80663
80618
80587
80644
80699
80590
80642
80716
80742
80664
80625
80590
80529
80463
80492
80412
80249
80182
80123
80061
80121
80009
79963
79927
79881
79973
79955
79939
79857
79779
79868
79846
79749
79815
79985
79859
79732
79836
79738
79805
79890
80048
80069
79957
79989
80125
80303
80377
80367
80469
80501
80519
80598
80657
80565
80713
80737
80797
80726
80797
80820
80825
80693
80606
80551
80652
80663
80646
80653
80709
80698
80772
80764
80814
80875
80955
80930
81007
80961
80827
80886
80782
80882
80772
80810
80832
80902
80970
80927
80877
80963
80843
80835
80757
80794
80808
80851
80863
80918
80883
80997
81066
81042
81037
80970
81002
81132
81226
81248
81144
81292
81234
81268
81350
81418
81387
81313
81387
81513
81541
81443
81369
81353
81399
81381
81407
81248
81229
81219
81206
81160
81143
81096
81201
81239
81300
81394
81511
81580
81599
81651
81655
81701
81637
81661
81643
81673
81623
81713
81881
81830
81770
81786
81740
81851
81945
81861
81946
82015
81961
82021
81952
82039
82141
82279
82296
82317
82302
82325
82367
82301
82339
82329
82492
82564
82496
82470
82466
82422
82475
82455
82376
82200
82227
82182
82158
82157
82205
82253
82351
82294
82388
82391
82296
82370
82518
82509
82505
82481
82427
82432
82507
82524
82585
82622
82676
82606
82600
82626
82574
82561
82621
82556
82503
82552
82606
82631
82684
82780
82820
82804
82714
82880
82818
82860
82862
82930
82990
83020
82962
82957
82846
82789
82856
82931
82871
82923
82809
82838
82849
82897
82891
82866
82848
82818
82853
82893
82994
82958
82848
82731
82756
82792
82830
82744
82774
82704
82836
82743
82774
82747
82733
82727
82717
82657
82667
82762
82804
82757
82798
82772
82733
82729
82674
82748
82793
82754
82727
82765
82856
82871
82975
82928
83016
82962
83006
83084
83166
83218
83151
83357
83259
83168
83196
83204
83298
83424
83444
83413
83289
83359
83456
83496
83441
83474
83423
83563
83575
83506
83478
83411
83437
83375
83339
83307
83244
83273
83262
83331
83343
83347
83455
83425
83473
83467
83504
83478
83400
83397
83449
83497
83423
83409
83403
83480
83590
83612
83534
83439
83381
83510
83423
83460
83415
83377
83420
83376
83321
83363
83475
83409
83360
83332
83281
83433
83349
83349
83342
83474
83536
83535
83582
83746
83764
83688
83710
83626
83540
83579
83581
83602
83537
83444
83352
83345
83363
83423
83393
83438
83436
83335
83361
83227
83171
83254
83359
83257
83207
83297
83319
83317
83387
83359
83311
83289
83251
83196
83195
83189
83096
83099
83107
83084
83016
82928
82878
82956
82956
82936
82986
82922
82883
82844
82902
82901
82797
82717
82787
82775
82625
82617
82547
82605
82615
82571
82489
82463
82401
82445
82407
82292
82290
82336
82248
82210
82136
82048
82132
82079
82053
82141
82111
82020
82028
82055
82061
82033
82129
82105
82110
82088
82110
82035
82009
82012
82066
82013
81932
81929
81957
81937
81987
81971
81977
81928
81875
81903
81826
81768
81741
81771
81679
81725
81708
81794
81804
81671
81688
81559
81453
81268
81256
81170
81171
81155
81108
81154
81028
81020
81031
80931
80809
80707
80801
80670
80559
80594
80603
80483
80402
80332
80297
80293
80149
80177
80079
80073
80081
80228
80118
80152
80181
80162
80212
80098
80076
80058
80156
80157
80117
80103
80120
80100
80112
80040
79922
79911
79839
79690
79664
79617
79504
79418
79356
79374
79387
79212
79166
79234
79250
79203
79113
79065
79060
78901
78813
78750
78738
78735
78733
78693
78643
78568
78559
78470
78428
78490
78547
78507
78402
78429
78424
78342
78260
78154
78144
78058
77970
77956
77918
77958
77973
77911
77829
77723
77645
77633
77510
77450
77396
77473
77439
77413
77263
77166
77136
77072
76960
76973
76930
76939
76911
76791
76798
76837
76826
76887
76819
76855
76749
76729
76769
76640
76568
76426
76385
76234
76224
76090
76136
76174
76184
76157
76181
76049
76025
75900
75929
75950
75840
75745
75703
75655
75593
75402
75335
75289
75217
75054
75046
75050
75081
75031
74874
74802
74761
74863
74833
74793
74777
74735
74721
74643
74630
74554
74532
74438
74382
74309
74224
74358
74338
74263
74366
74343
74259
74152
74158
74187
74249
74210
74199
74207
73980
73990
73938
73983
73887
73842
73894
73774
73693
73628
73588
73499
73409
73351
73269
73259
73199
73190
73251
73140
73026
72956
72952
72910
72906
72854
72870
72898
72840
72861
72805
72717
72681
72554
72586
72493
72396
72338
72246
72310
72274
72224
72050
72023
71935
71959
71829
71800
71794
71675
71627
71561
71488
71526
71450
71495
71515
71519
71533
71436
71332
71342
71212
71136
71052
71066
70979
70929
70828
70950
70857
70803
70811
70819
70799
70662
70675
70667
70721
70757
70744
70734
70457
70465
70520
70574
70605
70507
70472
70366
70454
70452
70343
70283
70165
70202
70178
70060
70110
70221
70305
70205
70163
70035
69879
69837
69885
69876
69799
69702
69698
69706
69754
69677
69651
69742
69636
69574
69412
69374
69386
69384
69427
69387
69257
69216
69185
69119
69131
69053
69016
68998
68984
68946
68918
68979
68918
68894
68918
68822
68816
68836
68845
68716
68690
68667
68695
68641
68664
68722
68808
68784
68785
68759
68773
68769
68575
68572
68676
68604
68660
68633
68578
68510
68490
68468
68528
68542
68607
68597
68593
68597
68489
68409
68391
68257
68163
68158
68033
67962
67973
67917
67836
67838
67812
67779
67675
67524
67528
67406
67391
67339
67332
67273
67296
67245
67104
67123
67277
67221
67126
67024
67070
66982
66883
66875
66844
66775
66709
66699
66643
66693
66622
66596
66581
66479
66503
66434
66436
66419
66365
66357
66381
66330
66189
66101
66038
66062
66000
65910
65878
65855
65871
65887
65957
65948
65820
65736
65770
65771
65771
65768
65711
65757
65675
65723
65631
65598
65596
65452
65356
65362
65222
65126
65078
64982
65021
65053
64984
64876
64848
64841
64798
64755
64727
64692
64649
64639
64555
64505
64463
64414
64404
64452
64354
64218
64198
64206
64139
64129
64053
64039
63986
64008
63893
63728
63489
63479
63283
63338
63267
63227
63248
63148
63167
63095
63025
62917
62945
62823
62779
62705
62737
62711
62689
62591
62582
62502
62424
62387
62273
62202
62200
62291
62217
62243
62281
62239
62297
62376
62262
62161
62099
62095
61979
61868
61806
61638
61608
61574
61484
61452
61422
61394
61320
61256
61201
61346
61383
61262
61254
61266
61360
61397
61291
61388
61390
61298
61308
61295
61397
61317
61383
61549
61527
61441
61326
61332
61333
61287
61193
61166
61140
61133
61093
61113
61137
61085
61177
61125
61062
61010
60952
60888
60898
60924
60909
60781
60871
60842
60834
60826
60785
60739
60623
60620
60511
60436
60460
60428
60342
60378
60300
60328
60242
60140
60144
60080
60115
60223
60232
60184
60173
60197
60191
60147
60141
60090
60135
60064
60010
59945
59997
59947
59942
59969
59933
59895
59873
59812
59740
59786
59777
59872
59864
59800
59788
59829
59808
59792
59780
59746
59701
59630
59662
59694
59573
59579
59645
59711
59667
59748
59615
59521
59507
59482
59397
59368
59358
59327
59354
59357
59510
59572
59576
59496
59524
59524
59465
59321
59385
59379
59370
59429
59470
59463
59423
59447
59495
59519
59463
59509
59434
59382
59345
59250
59229
59253
59113
59047
59087
59203
59282
59262
59220
59216
59311
59275
59178
59099
59058
59044
59001
59013
58991
58994
58987
58911
58861
58911
58906
58943
58960
58962
58833
58871
58827
58881
58859
58991
59050
59017
59075
59119
59200
59278
59265
59281
59274
59304
59288
59285
59317
59323
59462
59494
59448
59411
59414
59384
59350
59294
59316
59416
59417
59499
59564
59596
59535
59468
59561
59587
59610
59688
59636
59674
59740
59786
59750
59795
59760
59799
59821
59834
59806
59879
59899
59769
59778
59710
59764
59824
59774
59674
59694
59576
59678
59676
59739
59741
59675
59687
59623
59603
59561
59593
59585
59485
59427
59468
59475
59502
59502
59444
59337
59377
59470
59406
59304
59232
59104
59082
59102
59089
59036
58993
59030
59115
58993
58926
58854
58780
58820
58776
58747
58767
58821
58827
58850
58821
58840
58854
58788
58749
58757
58791
58759
58663
58735
58633
58687
58726
58714
58724
58793
58783
58832
58841
58837
58814
58746
58633
58661
58711
58755
58707
58684
58516
58549
58687
58611
58637
58540
58565
58542
58514
58493
58458
58518
58502
58540
58455
58309
58356
58478
58466
58381
58310
58282
58314
58238
58281
58260
58329
58263
58233
58181
58187
58226
58327
58297
58233
58194
58185
58175
58169
58173
58338
58247
58200
58104
58040
58056
57958
57962
58064
57966
57874
57798
57790
57855
57831
57771
57780
57771
57717
57633
57676
57656
57555
57615
57641
57748
57726
57731
57649
57617
57715
57616
57642
57647
57601
57597
57654
57608
57592
57639
57679
57655
57596
57470
57376
57523
57579
57561
57545
57501
57476
57395
57377
57405
57453
57332
57333
57306
57295
57340
57346
57380
57391
57355
57346
57306
57299
57239
57267
57345
57393
57340
57400
57420
57420
57475
57612
57617
57661
57727
57756
57734
57697
57639
57665
57671
57557
57626
57654
57709
57620
57560
57644
57699
57593
57541
57539
57497
57484
57479
57476
57510
57412
57526
57557
57614
57588
57594
57602
57551
57522
57536
57491
57453
57355
57390
57416
57374
57403
57408
57350
57361
57328
57361
57400
57262
57238
57300
57248
57317
57277
57356
57379
57325
57460
57492
57507
57567
57656
57690
57762
57742
57856
57852
57940
57921
57922
57870
57904
58016
57993
57919
58055
58021
58001
58030
58012
58062
58034
58156
58128
58172
58212
58336
58335
58445
58513
58504
58536
58436
58502
58438
58493
58526
58463
58458
58412
58439
58467
58427
58425
58495
58495
58521
58537
58604
58623
58684
58699
58787
58753
58811
58879
58877
58963
58937
58947
59019
59036
59118
59195
59179
59229
59232
59322
59273
59288
59273
59330
59361
59373
59385
59484
59499
59468
59422
59393
59405
59382
59373
59385
59350
59424
59486
59426
59491
59449
59417
59449
59412
59381
59334
59346
59286
59298
59339
59326
59314
59238
59282
59326
59428
59558
59642
59521
59536
59601
59622
59601
59501
59622
59707
59673
59689
59697
59714
59632
59606
59600
59643
59665
59676
59662
59675
59681
59738
59752
59673
59609
59632
59704
59622
59626
59738
59752
59914
60004
59992
60038
60037
60121
60212
60193
60130
60226
60272
60305
60297
60288
60400
60445
60464
60440
60394
60386
60366
60300
60272
60186
60196
60290
60384
60319
60371
60442
60414
60328
60314
60293
60249
60286
60196
60102
60063
60012
60048
60067
60094
60093
60083
60089
60041
60055
59903
59888
59768
59775
59807
59807
59832
59803
59765
59767
59745
59700
59656
59656
59630
59662
59615
59733
59603
59565
59586
59566
59552
59474
59432
59473
59463
59456
59409
59340
59308
59290
59256
59263
59221
59160
59133
59185
59227
59251
59191
59245
59205
59093
59091
59133
59138
59073
59131
59182
59066
59076
59075
59153
59253
59200
59297
59310
59252
59134
59118
59116
59103
59099
59173
59139
59025
59115
59181
59207
59177
59186
59186
59230
59197
59235
59255
59339
59267
59247
59125
59173
59159
59235
59339
59281
59234
59203
59160
59085
59008
58890
58827
58808
58881
58849
58764
58723
58683
58657
58695
58658
58628
58544
58481
58397
58306
58296
58300
58284
58384
58362
58341
58301
58266
58286
58235
58248
58148
58081
58087
58015
58021
58075
58144
58114
57986
57914
57955
58021
57987
57969
57903
57873
57807
57761
57787
57816
57904
57915
57881
57837
57822
57877
57834
57838
57757
57786
57773
57741
57758
57738
57742
57748
57760
57748
57762
57753
57694
57745
57769
57793
57799
57828
57839
57831
57881
57925
57955
57898
57882
57954
57994
58061
58095
58120
58065
57993
57952
57922
57958
57902
57875
57838
57770
57662
57743
57666
57662
57666
57581
57543
57564
57500
57430
57311
57314
57400
57407
57340
57338
57309
57298
57265
57182
57148
57153
57154
57100
57100
57151
57125
57071
57074
57068
57085
57115
57079
57195
57171
57146
57248
57228
57197
57189
57215
57231
57188
57130
57119
57071
57103
57043
57059
57010
56971
56941
56867
56834
56782
56762
56701
56715
56665
56626
56660
56656
56634
56619
56701
56673
56587
56595
56539
56596
56575
56476
56494
56443
56381
56351
56308
56317
56223
56177
56089
56110
56076
56026
55984
56055
56057
56078
56076
56134
56148
56077
56165
56161
56103
56062
56084
56105
56053
55994
55984
55982
56004
55964
55964
55950
55901
55840
55838
55889
55835
55851
55812
55712
55708
55646
55662
55621
55613
55687
55741
55689
55543
55470
55502
55468
55436
55393
55339
55281
55242
55179
55142
55012
54926
54977
54890
54862
54768
54751
54781
54681
54524
54451
54427
54316
54282
54278
54343
54308
54256
54206
54155
54186
54090
54181
54247
54194
54194
54158
54224
54148
54094
54075
54095
54059
53963
53936
53970
54008
53896
53860
53801
53683
53655
53549
53576
53537
53523
53555
53645
53547
53447
53435
53366
53334
53309
53245
53152
53025
52946
52957
52904
52847
52817
52831
52819
52772
52698
52691
52619
52545
52502
52426
52370
52268
52296
52322
52306
52239
52189
52186
52069
52065
51998
51935
51893
51979
52003
51930
51767
51737
51729
51753
51651
51583
51593
51592
51568
51508
51496
51443
51333
51293
51206
51048
50996
50912
50842
50836
50874
50776
50779
50739
50676
50574
50546
50600
50529
50453
50425
50383
50356
50328
50336
50288
50242
50180
50174
50086
50034
50053
50042
49965
49841
49768
49748
49677
49625
49627
49592
49521
49439
49311
49165
49183
49163
49114
49092
49042
49011
49028
49035
48953
48879
48786
48764
48740
48624
48523
48444
48496
48432
48393
48307
48304
48281
48298
48274
48213
48159
48152
48151
48129
48063
48101
48039
48009
48004
47983
47927
47916
47840
47757
47701
47671
47665
47564
47497
47425
47423
47365
47343
47265
47249
47255
47211
47176
47100
47143
47139
47039
46961
46913
46875
46839
46747
46685
46627
46583
46475
46501
46365
46309
46299
46208
46124
46028
45974
45908
45914
45879
45795
45787
45663
45645
45527
45528
45504
45455
45420
45424
45372
45280
45232
45219
45291
45203
45169
45162
45088
45047
45002
44975
44918
44857
44814
44823
44801
44780
44698
44636
44588
44515
44512
44520
44519
44510
44550
44546
44451
44395
44371
44255
44313
44242
44172
44109
44060
44021
44010
43874
43736
43614
43538
43491
43413
43451
43332
43294
43285
43284
43294
43255
43237
43169
43148
43122
43046
43041
43005
42981
42935
42899
42869
42771
42713
42675
42671
42587
42553
42474
42392
42415
42386
42332
42291
42248
42235
42159
42156
42058
41968
41937
41889
41861
41845
41753
41782
41782
41736
41722
41706
41666
41554
41470
41491
41409
41359
41321
41272
41197
41154
41111
41120
40987
40940
40894
40890
40780
40727
40587
40627
40602
40618
40591
40516
40401
40357
40297
40239
40230
40157
40153
40099
40039
40045
40045
40000
39917
39842
39856
39830
39730
39670
39664
39634
39579
39598
39583
39565
39513
39497
39494
39410
39308
39283
39195
39162
39127
39048
39076
38989
38925
38845
38856
38750
38686
38636
38565
38493
38389
38325
38235
38137
38059
38009
37966
37880
37765
37739
37703
37637
37543
37566
37491
37373
37255
37232
37250
37163
37143
37051
36991
36965
36889
36778
36708
36662
36585
36543
36425
36383
36213
36179
36149
36038
35949
35897
35827
35714
35641
35575
35485
35409
35365
35279
35217
35145
35065
35011
34981
34966
34886
34812
34710
34614
34611
34621
34571
34579
34517
34497
34421
34301
34241
34181
34051
34028
33964
33951
33937
33868
33867
33811
33747
33667
33604
33569
33541
33493
33448
33402
33292
33232
33169
33122
33070
33022
32920
32849
32765
32677
32622
32519
32455
32421
32362
32229
32153
32051
32000
31937
31869
31835
31784
31696
31614
31556
31485
31447
31389
31390
31242
31120
31108
31006
30946
30846
30748
30616
30544
30478
30443
30341
30261
30225
30159
30070
30080
30017
29941
29875
29887
29824
29760
29721
29667
29659
29568
29549
29467
29395
29333
29237
29142
29125
29069
29002
28937
28879
28773
28733
28685
28629
28605
28523
28478
28434
28449
28364
28352
28325
28285
28261
28156
28118
28078
28108
28061
27994
27932
27944
27861
27827
27823
27777
27694
27607
27504
27415
27426
27419
27421
27407
27333
27264
27154
27130
27104
27058
27083
27030
26948
26840
26817
26781
26785
26689
26587
26547
26451
26435
26376
26357
26294
26199
26075
25979
25896
25764
25709
25621
25595
25548
25421
25363
25249
25194
25127
25087
24955
24899
24841
24735
24629
24541
24464
24400
24308
24272
24232
24163
24130
24049
23983
23956
23844
23729
23661
23589
23529
23474
23451
23466
23446
23351
23276
23180
23111
23111
23091
23066
23071
23053
23009
22987
22950
22912
22868
22800
22766
22745
22717
22758
22696
22703
22693
22636
22610
22532
22484
22492
22471
22514
22560
22498
22416
22400
22428
22387
22284
22263
22242
22211
22230
22178
22122
22050
21961
21949
21971
21923
21835
21757
21725
21689
21617
21588
21584
21576
21484
21495
21469
21448
21458
21412
21402
21336
21294
21248
21164
21140
21145
21109
21111
21070
20999
20945
20917
20857
20872
20801
20804
20760
20700
20674
20659
20605
20591
20586
20552
20464
20391
20377
20405
20343
20311
20324
20264
20194
20092
20028
20004
19947
19941
19927
19849
19769
19725
19641
19569
19515
19471
19476
19436
19380
19318
19325
19316
19249
19242
19220
19218
19191
19240
19253
19259
19287
19318
19300
19288
19290
19238
19222
19234
19254
19248
19262
19196
19157
19142
19171
19146
19112
19093
19100
19040
19028
19043
19054
19030
18991
19005
18929
18913
18915
18928
18931
18868
18811
18833
18773
18772
18757
18766
18752
18760
18693
18685
18624
18578
18567
18532
18543
18517
18465
18418
18430
18450
18430
18404
18392
18370
18334
18250
18289
18241
18193
18166
18140
18090
18027
18006
17958
17896
17868
17864
17793
17750
17699
17615
17567
17567
17515
17495
17426
17380
17321
17296
17254
17220
17198
17126
17092
17065
17021
17005
16937
16917
16936
16886
16906
16894
16866
16866
16822
16790
16812
16777
16740
16713
16735
16749
16701
16693
16641
16580
16546
16537
16474
16471
16451
16434
16381
16372
16386
16368
16326
16315
16289
16235
16209
16190
16166
16121
16099
16086
16022
15979
15979
15950
15890
15832
15789
15754
15751
15734
15709
15643
15609
15571
15518
15488
15490
15412
15408
15372
15320
15294
15257
15230
15178
15151
15091
15063
14990
14946
14889
14814
14788
14729
14679
14628
14585
14560
14496
14428
14363
14298
14277
14241
14219
14139
14085
14049
13980
13940
13872
13816
13734
13684
13646
13587
13467
13399
13350
13279
13246
13190
13151
13052
12973
12931
12832
12784
12762
12719
12706
12650
12564
12506
12458
12416
12362
12306
12289
12214
12170
12106
12036
12008
11971
11901
11857
11778
11713
11679
11627
11577
11556
11485
11449
11400
11354
11331
11275
11254
11218
11168
11119
11059
11008
10984
10963
10925
10896
10837
10763
10681
10625
10593
10513
10433
10391
10297
10207
10153
10104
10036
9917
9855
9782
9702
9634
9525
9507
9489
9417
9359
9297
9179
9120
9083
8974
8940
8877
8795
8697
8644
8591
8469
8371
8347
8297
8189
8126
8051
7990
7967
7898
7852
7841
7729
7684
7586
7546
7502
7430
7397
7315
7273
7198
7132
7077
7031
6970
6901
6844
6794
6742
6654
6593
6555
6491
6415
6341
6296
6209
6139
6090
6024
5967
5875
5801
5787
5761
5733
5672
5621
5602
5528
5505
5451
5433
5376
5327
5309
5258
5219
5182
5112
5056
5032
4987
4925
4891
4872
4840
4795
4775
4712
4646
4588
4538
4524
4469
4405
4363
4315
4317
4252
4184
4137
4055
3988
3941
3903
3891
3871
3827
3791
3730
3674
3608
3550
3522
3456
3396
3339
3294
3251
3185
3130
3068
3021
2951
2881
2851
2800
2758
2728
2668
2667
2629
2555
2517
2493
2444
2395
2350
2299
2265
2214
2172
2111
2099
2059
2012
1993
1961
1925
1874
1832
1820
1788
1752
1701
1689
1656
1599
1588
1540
1495
1475
1425
1403
1398
1393
1359
1341
1330
1284
1274
1248
1249
1221
1206
1179
1162
1155
1112
1094
1065
1045
1014
1000
995
992
982
974
960
946
932
938
897
891
889
883
857
847
853
819
779
771
757
725
703
689
667
651
622
614
616
593
569
531
528
501
482
466
424
412
373
355
343
330
319
287
262
258
227
222
208
193
194
174
152
160
133
119
120
92
74
66
52
33
39
38
33
25
10
4
-2
-6
2
-8
8
-5
-15
3
-12
-15
-9
-24
-24
-24
-32
-20
-18
-20
-14
-12
-13
-13
-15
-14
-15
-9
-9
0
