848444444
717111111
424242222
655555555
191111111
353333333
110000000
969666666
544444444
311111111
522222222
727222222
866666666
242222222
474444444
808000000
636333333
131111111
89888888
656555555
655555555
919111111
757555555
977777777
38833333
188111111
424422222
755555555
43333333
141111111
84444444
828222222
161111111
633333333
434333333
84444444
1101000
550000000
588555555
766666666
363333333
889988888
711111111
919111111
474744444
266222222
844444444
988888888
755555555
959555555
464444444
977777777
898888888
929222222
606000000
660600000
488444444
595555555
898888888
949444444
272222222
633333333
7977777
828222222
797777777
499444444
525222222
575555555
707000000
600060000
40400000
121111111
515551111
575555555
77555555
633333333
292222222
171111111
440000000
766666666
622622222
338888333
440000000
272222222
116111111
155511111
988888888
388333333
844444444
766666666
188111111
977777777
220000000
626622222
131111111
884844444
353333333
606000000
988888888
787777777
599555555
113111111
68666666
787777777
166111111
533333333
494444444
686666666
499444444
363333333
399333333
86666666
177111111
244222222
272722222
969666666
822222222
6966666
288222222
505000000
37333333
655555555
393333333
87777777
494944444
373333333
399333333
353333333
707000000
434333333
474444444
552522222
188811111
884444444
202000000
776666666
277222222
622222222
622222222
411111111
7700000
717111111
939333333
977777777
505000000
474444444
663333333
969666666
440000000
177111111
944444444
877777777
242222222
588555555
57555555
828222222
626222222
474444444
299222222
57555555
555333333
477444444
262222222
774444444
1311111
336333333
757555555
722222222
422222222
555999555
161111111
393333333
622222222
199111111
6866666
575555555
636333333
337773333
344333333
446444444
919111111
848444444
700700000
373333333
727222222
292222222
11616111
663333333
252222222
550000000
966666666
522222222
17711111
202000000
822282222
411411111
282828222
115111111
677666666
955555555
266262222
141111111
777222222
909000000
366333333
131111111
282222222
787777777
220000000
366333333
484444444
626222222
886666666
755555555
78777777
676666666
797777777
474744444
322222222
448844444
545444444
866666666
933333333
828822222
332322222
31311111
822222222
585555555
399333333
977777777
744444444
669966666
13111111
818111111
383333333
866666666
544444444
464444444
70700000
474444444
330000000
220000000
13111111
565555555
844444444
733333333
887777777
676666666
400004000
81181111
454444444
411111111
522222222
177111111
2522222
989888888
4544444
188111111
717711111
277222222
141111111
696966666
266222222
633333333
707070000
299222222
363333333
858555555
433333333
322222222
388333333
322222222
71111111
113111111
110000000
52222222
110000000
828222222
977777777
887777777
877777777
544444444
747444444
959555555
141111111
161111111
282822222
474444444
988888888
993993333
828222222
37773333
655555555
155111111
25552222
1100000
77222222
988888888
646444444
553333333
69666666
866666666
191111111
411111111
773333333
969666666
303000000
242222222
433333333
277222222
282222222
211111111
522222222
744444444
988888888
655555555
4222222
966666666
707770000
74444444
633333333
787777777
606000000
588555555
266222222
338333333
988888888
606600000
440000000
383333333
488844444
29922222
262222222
393333333
220000000
151551111
66111111
633333333
959555555
411111111
929222222
622222222
144111111
131111111
422222222
707000000
388833333
110000000
727222222
464444444
676666666
644444444
411111111
115111111
337773333
292922222
131111111
31111111
988888888
552222222
363333333
22992222
988888888
252222222
484444444
363333333
36333333
747444444
131111111
660000000
388333333
577755555
717111111
633333333
474444444
818111111
292222222
434434333
822222222
550500000
110000000
313111111
766666666
585555555
773333333
51511111
46444444
522222222
89888888
171111111
38833333
93333333
533333333
313111111
65555555
363333333
626262222
15111111
585555555
988888888
696666666
220000000
515111111
211111111
595555555
14111111
211111111
818111111
488444444
933333333
696666666
282222222
811811111
422222222
898888888
454444444
141111111
25555222
262222222
110000000
454444444
344333333
933333333
399333333
992222222
676666666
474444444
866666666
110000000
383333333
242222222
282222222
505000000
877777777
242222222
477444444
808000000
211111111
833333333
6161111
787777777
366333333
343333333
244222222
63333333
288222222
311111111
669666666
585555555
433333333
227222222
220000000
585555555
622222222
33733333
88666666
11000000
633333333
388333333
500050000
353333333
747444444
61111111
330000000
663333333
166111111
373333333
772722222
818111111
220000000
868666666
224222222
611111111
787777777
585555555
151111111
929222222
449444444
13111111
484444444
